1 0.0561867223124
2 0.101708014534
3 0.117010588151
4 0.137723162541
5 0.168173738315
6 0.204961743575
7 0.251951464571
8 0.291444470213
9 0.335497333649
10 0.377695339678
11 0.415333487912
12 0.454208207749
13 0.489064069871
14 0.533194219035
15 0.566195223749
16 0.602751371831
17 0.624777803549
18 0.648427235501
19 0.656542236663
20 0.684442383506
21 0.694180384874
22 0.715047530735
23 0.715433959338
24 0.732591390389
25 0.741711105977
26 0.745266249342
27 0.764896823547
28 0.75724553674
29 0.774789396417
30 0.787541541068
31 0.796583970959
32 0.802071257457
33 0.805317257949
34 0.816832831022
35 0.818610402677
36 0.825875260885
37 0.833603833418
38 0.83058969013
39 0.843496406237
40 0.846433263822
41 0.844578406391
42 0.851688693144
43 0.854393693531
44 0.861890408888
45 0.860499265832
46 0.863281551943
47 0.870005410047
48 0.871628410279
49 0.874333410665
50 0.876110982325
51 0.877656696831
52 0.879202411361
53 0.885153412211
54 0.884766983584
55 0.886312698091
56 0.888399412675
57 0.889945127181
58 0.891877270314
59 0.892650127568
60 0.890872555885
61 0.897209985362
62 0.899142128495
63 0.899992271474
64 0.902156271783
65 0.904011129191
66 0.903470129113
67 0.907566272556
68 0.909962130041
69 0.911430558822
70 0.912667130427
71 0.911971558899
72 0.912203416075
73 0.915526702264
74 0.916685988144
75 0.917767988299
76 0.918618131277
77 0.918386274101
78 0.919004559904
79 0.921245845938
80 0.920086560058
81 0.921477703114
82 0.92271427472
83 0.924105417775
84 0.926578560986
85 0.925805703733
86 0.926810418162
87 0.927892418316
88 0.928124275492
89 0.928897132746
90 0.928201561218
91 0.930983847329
92 0.930056418626
93 0.931756704583
94 0.931833990308
95 0.932220418935
96 0.933611561991
97 0.935234562222
98 0.935234562199
99 0.936471133828
100 0.937012133882
101 0.938403276961
102 0.936471133805
103 0.938171419762
104 0.939485277092
105 0.938171419785
106 0.939485277092
107 0.940335420094
108 0.941262848775
109 0.941417420226
110 0.941803848852
111 0.938944277015
112 0.941958420326
113 0.943581420535
114 0.942190277479
115 0.944663420689
116 0.945590849416
117 0.945127135064
118 0.944508849239
119 0.946363706646
120 0.946750135273
121 0.946827420998
122 0.946750135273
123 0.947059278174
124 0.948218564054
125 0.948604992681
126 0.949068707033
127 0.949455135659
128 0.949764278561
129 0.950227992913
130 0.949300564209
131 0.950459850089
132 0.951464564518
133 0.95192827887
134 0.951309993067
135 0.952082850321
136 0.952701136123
137 0.951078135891
138 0.952314707497
139 0.953628564827
140 0.953396707651
141 0.954865136432
142 0.954324136355
143 0.954865136432
144 0.955251565059
145 0.956256279488
146 0.956101708038
147 0.95556070796
148 0.956410850939
149 0.95671999384
150 0.956642708115
151 0.954865136432
152 0.957724708269
153 0.957724708269
154 0.958652136973
155 0.957106422467
156 0.957029136741
157 0.957415565368
158 0.951619135969
159 0.958883994149
160 0.956410850939
161 0.957647422544
162 0.957260993917
163 0.959888708579
164 0.960275137205
165 0.958342994072
166 0.959115851325
167 0.959734137128
168 0.960816137282
169 0.960584280107
170 0.960970708733
171 0.960893423008
172 0.961202565909
173 0.96135713736
174 0.960661565832
175 0.961047994458
176 0.961666280261
177 0.960275137205
178 0.961898137437
179 0.962207280338
180 0.962207280338
181 0.961975423162
182 0.96251642324
183 0.963057423317
184 0.963211994768
185 0.963289280493
186 0.962593708965
187 0.962825566141
188 0.963134709042
189 0.962361851789
190 0.963598423394
191 0.963752994845
192 0.963289280493
193 0.963907566296
194 0.964680423549
195 0.962284566064
196 0.96383028057
197 0.964293994922
198 0.963521137669
199 0.964371280648
200 0.964139423472
