1 0.10951387279
2 0.12311616045
3 0.2001700286
4 0.277919468283
5 0.321972331722
6 0.3582193369
7 0.303887471993
8 0.408996058437
9 0.477007496729
10 0.507999072562
11 0.549965221435
12 0.579024654165
13 0.597882371138
14 0.632042661739
15 0.637298091061
16 0.700672385829
17 0.698662956943
18 0.735064533599
19 0.757400108223
20 0.68907952703
21 0.758018394049
22 0.769302109891
23 0.767833681138
24 0.793647113424
25 0.771929824584
26 0.793106113324
27 0.813509544833
28 0.824715974982
29 0.835072262199
30 0.847051549602
31 0.849370121385
32 0.858412551225
33 0.851147693044
34 0.849833835714
35 0.868536981243
36 0.875801839423
37 0.875183553621
38 0.869155267045
39 0.851843264549
40 0.824715974982
41 0.830976118729
42 0.878352268382
43 0.892572841796
44 0.8879356983
45 0.896437128085
46 0.881057268745
47 0.891413555939
48 0.902001700304
49 0.906561558103
50 0.900842414406
51 0.901847128858
52 0.912126130304
53 0.911507844524
54 0.91599041657
55 0.895586985107
56 0.921013988716
57 0.917767988253
58 0.918695416956
59 0.895200556457
60 0.922868846147
61 0.914212844888
62 0.925728417961
63 0.917767988253
64 0.929515418502
65 0.910503130072
66 0.921477703068
67 0.908802844138
68 0.930829275833
69 0.926114846588
70 0.927428703918
71 0.935157276451
72 0.927196846742
73 0.934384419198
74 0.938171419739
75 0.932297704614
76 0.927969703996
77 0.925110132159
78 0.940412705773
79 0.920936702991
80 0.932684133241
81 0.889713269982
82 0.929979132854
83 0.90385655774
84 0.942422134632
85 0.939098848443
86 0.937553133936
87 0.943581420535
88 0.942885849007
89 0.943658706237
90 0.942499420357
91 0.947136563877
92 0.945668135095
93 0.94327227761
94 0.935079990726
95 0.942963134732
96 0.946440992349
97 0.934384419198
98 0.944199706314
99 0.948914135559
100 0.940489991499
101 0.94427699204
102 0.94427699204
103 0.949455135636
104 0.947832135428
105 0.944895277842
106 0.94443156349
107 0.950459850066
108 0.95076899299
109 0.932915990463
110 0.950691707242
111 0.947832135405
112 0.946904706701
113 0.954092279156
114 0.951309993044
115 0.95138727877
116 0.953705850529
117 0.95254656465
118 0.951928278847
119 0.939253419893
120 0.953628564804
121 0.943735991985
122 0.939176134168
123 0.954478707783
124 0.935234562176
125 0.953551279079
126 0.953705850529
127 0.954555993508
128 0.95440142208
129 0.954169564881
130 0.955019707883
131 0.954865136409
132 0.956410850916
133 0.954942422135
134 0.95617899374
135 0.955483422212
136 0.957724708246
137 0.95733827962
138 0.953319421903
139 0.95656542239
140 0.958420279774
141 0.939176134191
142 0.9584975655
143 0.949455135636
144 0.927505989644
145 0.952237421748
146 0.960275137182
147 0.9584975655
148 0.95749285107
149 0.957724708269
150 0.958961279852
151 0.956951850993
152 0.958342994049
153 0.888785841274
154 0.953087564727
155 0.903701986243
156 0.942112991753
157 0.959579565654
158 0.960275137182
159 0.955947136587
160 0.959965994281
161 0.955483422212
162 0.959270422753
163 0.957415565345
164 0.9532421362
165 0.955483422212
166 0.960506994358
167 0.95501970786
168 0.960429708633
169 0.958342994049
170 0.958265708324
171 0.960506994358
172 0.958806708401
173 0.954787850684
174 0.837699976805
175 0.9584975655
176 0.957879279697
177 0.960120565732
178 0.961125280161
179 0.95981142283
180 0.960043280006
181 0.960429708633
182 0.961434423062
183 0.962207280315
184 0.961666280238
185 0.959502279929
186 0.958265708324
187 0.961666280238
188 0.962902851843
189 0.960352422907
190 0.962361851766
191 0.961125280161
192 0.961511708787
193 0.961666280238
194 0.962516423217
195 0.955869850839
196 0.957647422521
197 0.955560707937
198 0.960275137182
199 0.961434423062
200 0.962670994667
