1 0.0644562949246
2 0.120720302965
3 0.12126130304
4 0.182780740404
5 0.228920318424
6 0.265321895058
7 0.308370044064
8 0.362779194697
9 0.396862199566
10 0.430326918632
11 0.466187495181
12 0.509853929993
13 0.543318649036
14 0.575778653673
15 0.604142514896
16 0.626555375241
17 0.652291521802
18 0.674086096316
19 0.693793956275
20 0.706468815228
21 0.72099853159
22 0.743720534863
23 0.754385964958
24 0.766674395285
25 0.776412396653
26 0.787850684002
27 0.794806399281
28 0.804003400572
29 0.805162686475
30 0.818842259858
31 0.820387974341
32 0.828812118402
33 0.839400262771
34 0.844269263467
35 0.851224978746
36 0.857639693949
37 0.862354123193
38 0.865213695031
39 0.871551124507
40 0.870932838705
41 0.877888553984
42 0.884148697736
43 0.881830125976
44 0.887162841023
45 0.892263698895
46 0.896050699436
47 0.89697812814
48 0.899837699977
49 0.901924414561
50 0.904552129222
51 0.903547414792
52 0.908107272587
53 0.910348558621
54 0.912126130304
55 0.91251255893
56 0.914908416415
57 0.917613416802
58 0.917226988175
59 0.920086560012
60 0.922636988948
61 0.922173274596
62 0.923641703377
63 0.925110132159
64 0.925728417961
65 0.927274132468
66 0.928278846897
67 0.931138418734
68 0.930288275755
69 0.933766133395
70 0.930288275755
71 0.930751990107
72 0.934925419275
73 0.936702990958
74 0.93716670531
75 0.939176134168
76 0.937784991112
77 0.940103562872
78 0.941726563104
79 0.939021562717
80 0.944122420589
81 0.943658706237
82 0.943581420512
83 0.944508849216
84 0.945977277997
85 0.946440992349
86 0.947059278151
87 0.946904706701
88 0.947213849602
89 0.946981992426
90 0.948295849757
91 0.948141278306
92 0.950073421439
93 0.950768992967
94 0.951078135868
95 0.951619135946
96 0.95138727877
97 0.951619135946
98 0.951078135868
99 0.953242136177
100 0.954169564881
101 0.953937707705
102 0.951309993044
103 0.953087564727
104 0.954865136409
105 0.95617899374
106 0.956488136641
107 0.956101708015
108 0.95617899374
109 0.956101708015
110 0.955406136487
111 0.958111136873
112 0.958342994049
113 0.958574851225
114 0.95865213695
115 0.95865213695
116 0.95865213695
117 0.956101708015
118 0.9584975655
119 0.960429708633
120 0.960275137182
121 0.959193137028
122 0.95965685138
123 0.959579565654
124 0.960506994358
125 0.961511708787
126 0.961125280161
127 0.959270422753
128 0.961588994513
129 0.96212999459
130 0.961820851689
131 0.961975423139
132 0.962980137569
133 0.962516423217
134 0.963598423371
135 0.962593708942
136 0.962670994667
137 0.962284566041
138 0.963752994822
139 0.964216709174
140 0.963752994822
141 0.96444856635
142 0.963134709019
143 0.963443851921
144 0.96212999459
145 0.964062137723
146 0.964757709251
147 0.9646031378
148 0.965221423603
149 0.965916995131
150 0.965375995054
151 0.965994280856
152 0.965298709328
153 0.965221423603
154 0.966303423758
155 0.966148852307
156 0.966998995286
157 0.966535280934
158 0.964989566427
159 0.966844423835
160 0.966380709483
161 0.967076281011
162 0.967539995363
163 0.967385423912
164 0.967462709638
165 0.967308138187
166 0.967076281011
167 0.967617281088
168 0.967926423989
169 0.968621995517
170 0.966535280934
171 0.968467424067
172 0.969008424144
173 0.967462709638
174 0.968776566968
175 0.968853852693
176 0.969394852771
177 0.968699281243
178 0.969394852771
179 0.968699281243
180 0.96924028132
181 0.968853852693
182 0.969626709947
183 0.970322281475
184 0.969317567045
185 0.970322281475
186 0.969549424221
187 0.969162995595
188 0.970090424299
189 0.970090424299
190 0.969008424144
191 0.969935852848
192 0.96924028132
193 0.970785995827
194 0.970167710024
195 0.970708710101
196 0.9703995672
197 0.969858567123
198 0.9703995672
199 0.969162995595
200 0.970167710024
