1 0.0628332946905
2 0.1177834454
3 0.109900301417
4 0.186876883842
5 0.225674317956
6 0.272818610407
7 0.291599041664
8 0.334724476398
9 0.368884766993
10 0.399335342771
11 0.424453203503
12 0.465646495106
13 0.499111214173
14 0.534121647745
15 0.565499652228
16 0.591699513114
17 0.620140660034
18 0.640698662948
19 0.66481180925
20 0.683437669053
21 0.699976814301
22 0.717752531098
23 0.730736532953
24 0.740088105718
25 0.754231393508
26 0.761573537414
27 0.776644253829
28 0.78676868387
29 0.788855398454
30 0.802766829013
31 0.809799830017
32 0.813432259108
33 0.825797975137
34 0.828425689798
35 0.836927119584
36 0.841486977378
37 0.845351263645
38 0.847824406855
39 0.856480408092
40 0.858953551302
41 0.864827266427
42 0.869928124298
43 0.86791869544
44 0.872864981861
45 0.877888554007
46 0.882061983175
47 0.88577169799
48 0.884844269286
49 0.891877270291
50 0.890795270137
51 0.896746270987
52 0.896127985184
53 0.899683128549
54 0.900146842901
55 0.903624700541
56 0.905247700773
57 0.908184558335
58 0.909962130018
59 0.911121415898
60 0.912512558953
61 0.914444702087
62 0.914290130636
63 0.919545559958
64 0.919700131409
65 0.921554988817
66 0.921091274465
67 0.924491846379
68 0.924337274928
69 0.925882989435
70 0.926346703787
71 0.928897132723
72 0.928201561195
73 0.929669989976
74 0.931292990208
75 0.930674704405
76 0.932374990362
77 0.934538990671
78 0.932993276165
79 0.936007419453
80 0.937784991135
81 0.938171419762
82 0.939176134191
83 0.938016848311
84 0.939562562818
85 0.939330705642
86 0.941030991599
87 0.940799134423
88 0.942731277556
89 0.942499420357
90 0.943813277711
91 0.945049849316
92 0.943967849138
93 0.945899992294
94 0.945436277943
95 0.944354277765
96 0.945745420844
97 0.942576706082
98 0.947522992503
99 0.947368421053
100 0.948759564132
101 0.948063992581
102 0.949532421362
103 0.950150707164
104 0.95138727877
105 0.952005564595
106 0.951232707319
107 0.95154185022
108 0.952855707551
109 0.952160136023
110 0.952855707551
111 0.953628564804
112 0.954092279156
113 0.953319421903
114 0.954478707783
115 0.954942422135
116 0.954942422135
117 0.954555993508
118 0.95501970786
119 0.956874565268
120 0.956333565191
121 0.956101708015
122 0.955715279388
123 0.958188422598
124 0.957106422444
125 0.957260993894
126 0.958420279774
127 0.958420279774
128 0.959115851302
129 0.9584975655
130 0.959270422753
131 0.959193137028
132 0.959193137028
133 0.959965994281
134 0.960197851457
135 0.960893422985
136 0.961898137414
137 0.960816137259
138 0.961820851689
139 0.960738851534
140 0.961357137337
141 0.961279851611
142 0.962980137569
143 0.963907566273
144 0.963752994822
145 0.964293994899
146 0.964062137723
147 0.963521137646
148 0.964216709174
149 0.964680423526
150 0.965298709328
151 0.964989566427
152 0.964680423526
153 0.965144137878
154 0.964989566427
155 0.965298709328
156 0.96576242368
157 0.966612566659
158 0.965530566504
159 0.966689852384
160 0.966303423758
161 0.966689852384
162 0.967153566736
163 0.96808099544
164 0.967153566736
165 0.967385423912
166 0.967076281011
167 0.967617281088
168 0.967926423989
169 0.968621995517
170 0.968003709715
171 0.967849138264
172 0.968312852616
173 0.968621995517
174 0.965994280856
175 0.968776566968
176 0.968467424067
177 0.968776566968
178 0.968235566891
179 0.969935852848
180 0.969162995595
181 0.969472138496
182 0.969703995672
183 0.968776566968
184 0.969858567123
185 0.969472138496
186 0.9703995672
187 0.969162995595
188 0.970013138573
189 0.970785995827
190 0.970322281475
191 0.96924028132
192 0.970013138573
193 0.970554138651
194 0.970554138651
195 0.971172424453
196 0.971404281629
197 0.971326995904
198 0.971945281706
199 0.97155885308
200 0.971172424453
