1 0.0611330087356
2 0.152098307447
3 0.181466883074
4 0.206584743807
5 0.257825179696
6 0.298245614042
7 0.330010047151
8 0.364788623548
9 0.396630342385
10 0.421670917391
11 0.463405209067
12 0.508153644031
13 0.543550506235
14 0.582734368976
15 0.61094365872
16 0.626246232332
17 0.646804235269
18 0.668366952615
19 0.684596954933
20 0.69804467114
21 0.713269959057
22 0.731895818888
23 0.748666821257
24 0.764896823603
25 0.771543395953
26 0.781358683097
27 0.794188113474
28 0.807249401082
29 0.815905402318
30 0.820619831563
31 0.834144833495
32 0.836695262431
33 0.847824406878
34 0.850761264441
35 0.855939408037
36 0.863281551943
37 0.866063838055
38 0.870469124399
39 0.877347553953
40 0.882371126099
41 0.878970554185
42 0.889249555653
43 0.888012984048
44 0.892418270392
45 0.899837700023
46 0.898755699868
47 0.904938557894
48 0.906870701028
49 0.90864827271
50 0.910425844393
51 0.913594559131
52 0.917381559672
53 0.917845274024
54 0.917458845397
55 0.921323131664
56 0.92286884617
57 0.923641703423
58 0.926501275261
59 0.926037560909
60 0.928278846943
61 0.926192132359
62 0.930751990153
63 0.931988561759
64 0.931988561736
65 0.93291599044
66 0.936007419453
67 0.935620990826
68 0.937553133959
69 0.938403276938
70 0.937089419607
71 0.939253419916
72 0.940953705874
73 0.940644562972
74 0.941494705951
75 0.942267563204
76 0.941726563127
77 0.943117706183
78 0.944276992063
79 0.942267563204
80 0.944895277865
81 0.946672849548
82 0.94613184947
83 0.9471365639
84 0.947600278252
85 0.947677563977
86 0.947059278174
87 0.950227992913
88 0.949145992758
89 0.950459850089
90 0.950923564441
91 0.952314707497
92 0.95192827887
93 0.953319421926
94 0.948141278329
95 0.952546564673
96 0.954555993531
97 0.95540613651
98 0.95540613651
99 0.956642708115
100 0.956642708115
101 0.956333565214
102 0.955174279334
103 0.957029136741
104 0.95787927972
105 0.956024422312
106 0.958188422621
107 0.958574851248
108 0.9590385656
109 0.955174279334
110 0.956333565214
111 0.9590385656
112 0.958883994149
113 0.957956565445
114 0.959270422776
115 0.958883994149
116 0.960275137205
117 0.960275137205
118 0.961202565909
119 0.96135713736
120 0.96251642324
121 0.96151170881
122 0.961202565909
123 0.961202565909
124 0.962284566064
125 0.962129994613
126 0.962593708965
127 0.962902851866
128 0.962825566141
129 0.962748280416
130 0.963366566218
131 0.963984852021
132 0.96151170881
133 0.964062137746
134 0.963521137669
135 0.964448566373
136 0.962980137592
137 0.96367570912
138 0.965066852175
139 0.965221423626
140 0.964603137823
141 0.964062137746
142 0.964448566373
143 0.961047994458
144 0.965685137978
145 0.965685137978
146 0.966226138055
147 0.966380709506
148 0.966457995231
149 0.966998995309
150 0.96730813821
151 0.967230852485
152 0.966689852407
153 0.967153566759
154 0.966226138055
155 0.968235566914
156 0.968003709738
157 0.968235566914
158 0.967539995386
159 0.966844423858
160 0.968390138364
161 0.967694566837
162 0.967694566837
163 0.966998995309
164 0.966303423781
165 0.968776566991
166 0.969085709892
167 0.969085709892
168 0.968544709815
169 0.969085709892
170 0.969858567146
171 0.966844423858
172 0.969858567146
173 0.969317567068
174 0.969935852871
175 0.969085709892
176 0.969858567146
177 0.970167710047
178 0.970013138596
179 0.970554138674
180 0.970244995772
181 0.970476852948
182 0.969858567146
183 0.970554138674
184 0.9709405673
185 0.971172424476
186 0.971713424554
187 0.971326995927
188 0.971249710202
189 0.971867996004
190 0.971326995927
191 0.971713424554
192 0.97194528173
193 0.971404281652
194 0.971558853103
195 0.971867996004
196 0.97194528173
197 0.971172424476
198 0.972640853257
199 0.972872710433
200 0.971867996004
