1 0.0559548651364
2 0.115155730739
3 0.129685447098
4 0.17520673932
5 0.220264317185
6 0.27111832445
7 0.315789473691
8 0.36053790866
9 0.39786691399
10 0.430172347177
11 0.48009892574
12 0.524074503451
13 0.557461936792
14 0.59734137106
15 0.61674008812
16 0.64402194916
17 0.647886235403
18 0.675245382169
19 0.692866527566
20 0.713810959107
21 0.7241672463
22 0.740474534344
23 0.748898678405
24 0.76203725171
25 0.773011824707
26 0.786691398117
27 0.79210139889
28 0.803230543337
29 0.807403972505
30 0.81575083084
31 0.828193832618
32 0.831439833081
33 0.836076976601
34 0.844037406309
35 0.848674549829
36 0.855630265108
37 0.860035551452
38 0.863590694817
39 0.872169410328
40 0.874642553539
41 0.87958883996
42 0.881830125994
43 0.883530411951
44 0.88669912669
45 0.889326841351
46 0.890640698681
47 0.893500270518
48 0.898060128313
49 0.902929129008
50 0.900533271551
51 0.906252415197
52 0.907102558176
53 0.908648272682
54 0.912589844702
55 0.911585130273
56 0.914908416462
57 0.916995131022
58 0.919081845606
59 0.918540845529
60 0.921013988762
61 0.919931988585
62 0.92232784607
63 0.920859417312
64 0.924800989303
65 0.927351418216
66 0.929128989899
67 0.927737846843
68 0.931292990208
69 0.930674704405
70 0.931292990231
71 0.930674704405
72 0.933688847693
73 0.935079990749
74 0.934616276397
75 0.937398562509
76 0.935852848002
77 0.93770770541
78 0.937398562509
79 0.937475848234
80 0.939330705642
81 0.939176134191
82 0.941030991599
83 0.94118556305
84 0.942344848929
85 0.942653991831
86 0.941494705951
87 0.943117706183
88 0.942576706105
89 0.945049849316
90 0.945127135041
91 0.945822706569
92 0.946904706724
93 0.946750135273
94 0.947445706801
95 0.9471365639
96 0.947909421153
97 0.947986706878
98 0.950073421462
99 0.94960970711
100 0.950382564363
101 0.948527706956
102 0.949686992835
103 0.95076899299
104 0.952082850321
105 0.950923564441
106 0.952546564673
107 0.951773707419
108 0.952314707497
109 0.953551279102
110 0.954169564904
111 0.954092279179
112 0.953473993376
113 0.954633279256
114 0.953010279025
115 0.954633279256
116 0.955328850784
117 0.956024422312
118 0.955251565059
119 0.95556070796
120 0.956488136664
121 0.957570136819
122 0.957415565368
123 0.958033851171
124 0.958342994072
125 0.954324136355
126 0.958806708424
127 0.958188422621
128 0.958420279797
129 0.958961279875
130 0.958420279797
131 0.958806708424
132 0.959811422853
133 0.960661565832
134 0.959656851403
135 0.958961279875
136 0.959502279952
137 0.960120565755
138 0.961202565909
139 0.961820851712
140 0.961434423085
141 0.96135713736
142 0.962207280338
143 0.962284566064
144 0.961975423162
145 0.961898137437
146 0.962902851866
147 0.961666280261
148 0.961588994536
149 0.962439137514
150 0.962593708965
151 0.962284566064
152 0.962361851789
153 0.962361851789
154 0.959270422776
155 0.961434423085
156 0.962825566141
157 0.962748280416
158 0.96367570912
159 0.963521137669
160 0.963752994845
161 0.96383028057
162 0.963443851944
163 0.963598423394
164 0.964371280648
165 0.964139423472
166 0.964371280648
167 0.964525852098
168 0.963984852021
169 0.964062137746
170 0.964834994999
171 0.965762423703
172 0.965298709351
173 0.96498956645
174 0.964371280648
175 0.965375995077
176 0.965066852175
177 0.965916995154
178 0.965839709429
179 0.965994280879
180 0.964757709274
181 0.966303423781
182 0.96614885233
183 0.965298709351
184 0.966844423858
185 0.965762423703
186 0.966689852407
187 0.965144137901
188 0.967153566759
189 0.966689852407
190 0.96498956645
191 0.966380709506
192 0.967617281111
193 0.966535280957
194 0.96730813821
195 0.967230852485
196 0.967153566759
197 0.967153566759
198 0.964603137823
199 0.96614885233
200 0.96730813821
