1 0.0857098693871
2 0.181698740243
3 0.194450884924
4 0.23201174743
5 0.269649895664
6 0.297318185331
7 0.337506762501
8 0.364943194992
9 0.395780199397
10 0.439446634211
11 0.471442924496
12 0.52082850298
13 0.54981064998
14 0.590308370051
15 0.615194373608
16 0.643017234728
17 0.665816523702
18 0.674627096389
19 0.704613957816
20 0.712110673172
21 0.738001391157
22 0.74356596338
23 0.755313393635
24 0.771620681651
25 0.775098539291
26 0.790632970109
27 0.798593399817
28 0.804467114942
29 0.814127830608
30 0.824638689253
31 0.831285261631
32 0.836154262354
33 0.839554834268
34 0.845351263668
35 0.853466264827
36 0.858180694072
37 0.861117551634
38 0.864208980647
39 0.870082695772
40 0.875492696545
41 0.880129840065
42 0.880516268691
43 0.885076126486
44 0.889249555653
45 0.89442769925
46 0.892340984666
47 0.898678414143
48 0.901151557353
49 0.901692557431
50 0.901151557353
51 0.908029986907
52 0.909575701414
53 0.911816987448
54 0.91289898758
55 0.91637684522
56 0.919004559881
57 0.916840559549
58 0.921554988794
59 0.921091274442
60 0.912898987557
61 0.926346703764
62 0.926964989566
63 0.926655846665
64 0.928665275524
65 0.929283561326
66 0.93137027591
67 0.931679418811
68 0.932993276142
69 0.935079990726
70 0.935389133627
71 0.936548419507
72 0.937862276837
73 0.938403276915
74 0.939794419971
75 0.940567277224
76 0.937475848211
77 0.941030991576
78 0.942267563181
79 0.940258134323
80 0.943581420512
81 0.943194991885
82 0.944122420589
83 0.944740706392
84 0.94790942113
85 0.948373135482
86 0.946904706701
87 0.948295849757
88 0.948063992581
89 0.949532421362
90 0.949609707087
91 0.949145992735
92 0.949841564263
93 0.949455135636
94 0.950614421516
95 0.951309993044
96 0.952778421825
97 0.953628564804
98 0.953937707705
99 0.953628564804
100 0.954324136332
101 0.954865136409
102 0.955792565113
103 0.955869850839
104 0.954942422135
105 0.954633279233
106 0.95617899374
107 0.957029136718
108 0.957183708169
109 0.956874565268
110 0.957260993894
111 0.957879279697
112 0.958188422598
113 0.959193137028
114 0.958111136873
115 0.958883994126
116 0.959115851302
117 0.959888708556
118 0.959347708478
119 0.960584280083
120 0.959424994204
121 0.960429708633
122 0.960816137259
123 0.960120565732
124 0.960893422985
125 0.961125280161
126 0.962052708865
127 0.961975423139
128 0.962439137491
129 0.962748280393
130 0.96328928047
131 0.962593708942
132 0.96212999459
133 0.963521137646
134 0.962361851766
135 0.964062137723
136 0.96444856635
137 0.963134709019
138 0.964834994976
139 0.963366566195
140 0.964525852075
141 0.964834994976
142 0.964680423526
143 0.964680423526
144 0.965530566504
145 0.965685137955
146 0.96576242368
147 0.965994280856
148 0.966148852307
149 0.966303423758
150 0.96560785223
151 0.966689852384
152 0.966148852307
153 0.966303423758
154 0.965530566504
155 0.966535280934
156 0.967076281011
157 0.96676713811
158 0.966535280934
159 0.965994280856
160 0.966689852384
161 0.966148852307
162 0.967230852462
163 0.967617281088
164 0.967617281088
165 0.967849138264
166 0.968235566891
167 0.967849138264
168 0.967462709638
169 0.968158281165
170 0.968699281243
171 0.967771852539
172 0.968853852693
173 0.968390138341
174 0.968158281165
175 0.969008424144
176 0.968931138419
177 0.968621995517
178 0.968699281243
179 0.968776566968
180 0.969317567045
181 0.96924028132
182 0.969317567045
183 0.969935852848
184 0.96924028132
185 0.970167710024
186 0.969162995595
187 0.969935852848
188 0.969858567123
189 0.970013138573
190 0.969781281397
191 0.970090424299
192 0.970013138573
193 0.970322281475
194 0.968931138419
195 0.970013138573
196 0.970322281475
197 0.970631424376
198 0.969858567123
199 0.970940567277
200 0.970244995749
