1 0.0703300100494
2 0.122188731746
3 0.199783599971
4 0.228147461171
5 0.263853466276
6 0.271041038725
7 0.328464332649
8 0.33688847671
9 0.377463482509
10 0.430017775731
11 0.412783058983
12 0.431022490155
13 0.499111214177
14 0.566195223733
15 0.510472215793
16 0.599196228447
17 0.606074658001
18 0.665120952206
19 0.622613803244
20 0.622768374672
21 0.633047376196
22 0.732127676037
23 0.672463096057
24 0.755854393712
25 0.751758250297
26 0.758250251202
27 0.747816678283
28 0.793956256302
29 0.734368962071
30 0.827343689667
31 0.814746116411
32 0.831053404459
33 0.783445397653
34 0.806553829554
35 0.7050776722
36 0.717443388225
37 0.848829121307
38 0.838627405564
39 0.876033696599
40 0.844732977865
41 0.838472834091
42 0.875106267872
43 0.820774402991
44 0.861272123085
45 0.855243836463
46 0.878274982611
47 0.808485972664
48 0.88731741252
49 0.903392843342
50 0.883607697704
51 0.880902697318
52 0.911894273128
53 0.907488986784
54 0.9111987016
55 0.879356982788
56 0.903547414792
57 0.922559703223
58 0.905324986475
59 0.920241131463
60 0.914135559162
61 0.919700131409
62 0.92178684597
63 0.903933843419
64 0.919159131308
65 0.928356132622
66 0.913208130481
67 0.914212844888
68 0.929979132854
69 0.924259989203
70 0.87812041116
71 0.924723703555
72 0.921554988794
73 0.93484813355
74 0.912203416029
75 0.904320272069
76 0.938248705464
77 0.934307133472
78 0.930674704382
79 0.941494705928
80 0.939330705619
81 0.93963984852
82 0.944199706314
83 0.832367261767
84 0.94195842028
85 0.93484813355
86 0.944817992117
87 0.935620990803
88 0.939021562717
89 0.945513563645
90 0.937630419661
91 0.929592704228
92 0.951078135868
93 0.946363706623
94 0.909962129995
95 0.944586134941
96 0.949996135714
97 0.951928278847
98 0.95022799289
99 0.941030991576
100 0.924646417807
101 0.943658706237
102 0.954169564881
103 0.941726563104
104 0.911121415874
105 0.946981992426
106 0.951928278847
107 0.952391993199
108 0.956024422289
109 0.949764278538
110 0.923487131927
111 0.910116701445
112 0.924028132004
113 0.955251565036
114 0.955947136564
115 0.95154185022
116 0.952778421825
117 0.95038256434
118 0.930906561604
119 0.953937707705
120 0.956565422366
121 0.958420279774
122 0.953628564804
123 0.90215627176
124 0.953164850452
125 0.957260993894
126 0.957570136796
127 0.957879279697
128 0.957879279697
129 0.951773707419
130 0.911430558776
131 0.951773707396
132 0.952932993276
133 0.9584975655
134 0.956024422289
135 0.953473993376
136 0.95981142283
137 0.948991421284
138 0.951619135946
139 0.956719993817
140 0.959579565654
141 0.959579565654
142 0.959038565577
143 0.958033851148
144 0.951696421671
145 0.955715279388
146 0.892031841765
147 0.924800989257
148 0.959347708478
149 0.95749285107
150 0.955715279388
151 0.957260993894
152 0.958033851148
153 0.952391993199
154 0.952623850375
155 0.959347708478
156 0.958033851148
157 0.962593708942
158 0.955560707937
159 0.960275137182
160 0.960120565732
161 0.95865213695
162 0.963134709019
163 0.964525852075
164 0.96328928047
165 0.949841564263
166 0.957956565422
167 0.962980137569
168 0.961975423139
169 0.960738851534
170 0.963057423294
171 0.953783136278
172 0.96212999459
173 0.961666280238
174 0.960120565732
175 0.962052708865
176 0.962825566118
177 0.960352422907
178 0.963907566273
179 0.958342994049
180 0.963598423371
181 0.957724708246
182 0.961202565886
183 0.960738851534
184 0.953087564727
185 0.96097070871
186 0.958961279852
187 0.962670994667
188 0.962825566118
189 0.960506994358
190 0.962748280393
191 0.942190277479
192 0.962361851766
193 0.960043280006
194 0.960584280083
195 0.958574851248
196 0.964525852075
197 0.962439137491
198 0.962516423217
199 0.962748280393
200 0.963752994822
