1 0.0650745807249
2 0.149161449889
3 0.199165314176
4 0.230620604386
5 0.260607465808
6 0.306901615281
7 0.333951619145
8 0.367029909585
9 0.408300486912
10 0.451194064466
11 0.485122497886
12 0.527861503994
13 0.557461936771
14 0.593013370421
15 0.622381946045
16 0.647113378177
17 0.667439523911
18 0.693639384796
19 0.70863281551
20 0.727567818215
21 0.744570677787
22 0.760877965858
23 0.766828966736
24 0.786923255321
25 0.795270113656
26 0.800834685857
27 0.81520983079
28 0.825179689334
29 0.833603833395
30 0.840327691498
31 0.8469742639
32 0.851765978847
33 0.85369812198
34 0.85717597962
35 0.866682123812
36 0.873096839037
37 0.876883839555
38 0.882061983152
39 0.883607697658
40 0.884535126362
41 0.890486127212
42 0.893191127599
43 0.893345699049
44 0.88561712654
45 0.899837699977
46 0.905015843574
47 0.907566272509
48 0.910348558621
49 0.910348558621
50 0.912976273282
51 0.914908416415
52 0.912898987557
53 0.919236417034
54 0.915062987866
55 0.922482417497
56 0.922482417497
57 0.922868846124
58 0.925264703609
59 0.924491846356
60 0.928819846974
61 0.929438132777
62 0.930133704305
63 0.927428703918
64 0.931679418811
65 0.93137027591
66 0.934693562099
67 0.933147847593
68 0.937939562563
69 0.936625705232
70 0.933611561945
71 0.939794419971
72 0.941262848752
73 0.941881134554
74 0.943735991962
75 0.943040420434
76 0.944045134864
77 0.943504134786
78 0.94311770616
79 0.943658706237
80 0.944972563568
81 0.947445706778
82 0.948450421207
83 0.947754849679
84 0.948450421207
85 0.949145992735
86 0.950768992967
87 0.949996135714
88 0.950305278615
89 0.949996135714
90 0.949918849988
91 0.952469278924
92 0.95154185022
93 0.951773707396
94 0.951078135868
95 0.953319421903
96 0.953396707628
97 0.953551279079
98 0.954478707783
99 0.955251565036
100 0.955328850761
101 0.955328850761
102 0.955406136487
103 0.956410850916
104 0.955869850839
105 0.956642708092
106 0.957106422444
107 0.957879279697
108 0.958265708324
109 0.958883994126
110 0.958729422676
111 0.956256279465
112 0.959038565577
113 0.958033851148
114 0.959193137028
115 0.960661565809
116 0.958883994126
117 0.959579565654
118 0.960429708633
119 0.960661565809
120 0.961125280161
121 0.961202565886
122 0.961434423062
123 0.960893422985
124 0.960584280083
125 0.962361851766
126 0.962516423217
127 0.962439137491
128 0.954555993531
129 0.963366566195
130 0.962980137569
131 0.962902851843
132 0.963443851921
133 0.962980137569
134 0.963752994822
135 0.963675709097
136 0.964062137723
137 0.963443851921
138 0.964293994899
139 0.965685137955
140 0.962670994667
141 0.964371280624
142 0.965375995054
143 0.964989566427
144 0.96560785223
145 0.964525852075
146 0.965839709406
147 0.966303423758
148 0.965839709406
149 0.966612566659
150 0.96560785223
151 0.966303423758
152 0.966535280934
153 0.966689852384
154 0.967076281011
155 0.967462709638
156 0.967230852462
157 0.967308138187
158 0.967385423912
159 0.967849138264
160 0.967926423989
161 0.968158281165
162 0.968544709792
163 0.967926423989
164 0.967926423989
165 0.967308138187
166 0.967849138264
167 0.968235566891
168 0.968003709715
169 0.968390138341
170 0.968544709792
171 0.968776566968
172 0.969472138496
173 0.969162995595
174 0.969162995595
175 0.970090424299
176 0.969317567045
177 0.969703995672
178 0.969317567045
179 0.969394852771
180 0.970013138573
181 0.970013138573
182 0.969781281397
183 0.969781281397
184 0.969317567045
185 0.969472138496
186 0.969626709947
187 0.970013138573
188 0.970244995749
189 0.970322281475
190 0.970167710024
191 0.970631424376
192 0.970013138573
193 0.970476852925
194 0.9703995672
195 0.970476852925
196 0.970554138651
197 0.971326995904
198 0.971326995904
199 0.971172424453
200 0.970863281552
