1803	1803
2711	2711
688	688
1910	1910
2597	2597
1638	1638
3040	3040
2181	2181
975	975
2706	2706
2005	2005
2317	2317
2780	2780
468	468
2468	2468
526	526
526	674
674	526
674	674
2535	2535
2610	2610
415	415
2475	2475
3349	3349
2426	2426
3259	3259
2900	2900
1281	1281
2218	2218
1799	1799
1666	1666
1514	1514
3323	3323
2219	2219
3659	3659
1347	1347
2869	2869
1760	1760
3321	3321
1687	1687
3776	3776
909	909
3260	3260
1233	1233
2776	2776
1604	1604
3070	3070
3267	3267
1113	1113
1073	1073
2282	2282
1647	1647
3718	3718
2991	2991
2534	2534
3131	3131
2175	2175
2184	2184
2686	2686
2958	2958
3377	3377
1675	1675
2987	2987
3547	3547
2811	2811
1608	1608
2944	2944
2692	2692
1096	1096
1890	1890
1214	1214
1081	1081
3056	3056
2143	2143
1253	1253
979	979
1462	1462
2756	2756
1372	1372
3016	3016
3739	3739
317	317
781	781
3075	3075
2973	2973
988	988
2855	2855
1708	1708
2982	2982
3646	3646
1430	1430
523	523
1015	1015
412	412
2777	2777
659	659
316	316
3625	3625
780	780
3450	3450
1474	1474
488	488
987	987
1699	1699
1819	1819
3011	3011
2916	2916
1261	1261
3007	3007
1679	1679
3727	3727
542	542
1097	1097
2232	2232
2328	2328
2544	2544
3689	3689
3498	3498
2528	2528
3172	3172
1783	1783
3475	3475
1988	1988
1241	1241
2142	2142
1055	1055
2346	2346
2172	2172
2180	2180
873	873
2943	2943
3756	3756
2174	2174
3731	3731
1095	1095
2548	2548
2533	2533
2609	2609
2348	2348
2467	2467
2942	2942
2003	2003
1093	1093
2179	2179
1637	1637
2316	2316
2004	2004
3757	3757
3644	3644
3507	3507
1240	1240
3630	3630
2002	2002
2915	2915
2941	2941
1054	1054
2854	2854
2972	2972
1257	1257
872	872
2897	2897
1094	1094
3643	3643
1300	1300
1574	1574
2230	2230
3307	3307
2527	2527
2371	2371
1775	1775
2898	2898
2372	2372
2596	2596
1916	1916
3258	3258
2608	2608
3122	3122
2347	2347
993	993
1476	1476
2173	2173
1570	1570
1056	1056
1905	1905
3631	3631
1453	1453
1776	1776
2231	2231
3758	3758
1944	1944
3308	3308
1158	1158
1230	1230
1513	1513
3578	3578
1072	1072
1571	1571
1917	1917
1802	1802
2868	2868
1829	1829
2954	2954
1280	1280
2148	2148
1477	1477
1477	3670
3670	1477
3670	3670
2691	2691
3517	3517
310	310
1134	1134
1509	1509
2899	2899
3632	3632
908	908
1777	1777
3320	3320
1454	1454
3275	3275
3266	3266
3921	3921
1275	1275
1575	1575
1658	1658
3613	3613
3759	3759
2414	2414
3738	3738
1135	1135
2638	2638
309	309
3516	3516
738	738
3001	3001
1906	1906
3445	3445
3645	3645
3088	3088
1157	1157
3662	3662
3171	3171
994	994
3309	3309
3592	3592
1057	1057
1037	1037
2397	2397
1184	1184
3123	3123
2373	2373
2514	2514
3605	3605
2955	2955
2265	2265
2066	2066
444	444
2114	2114
428	428
2736	2736
477	477
1165	1165
1425	1425
3146	3146
682	682
620	620
2601	2601
485	485
1082	1082
1538	1538
2368	2368
3186	3186
2155	2155
1903	1903
2583	2583
1572	1572
2410	2410
1709	1709
2983	2983
1197	1197
887	887
2121	2121
2929	2929
2551	2551
1270	1270
2806	2806
1159	1159
839	839
2164	2164
2276	2276
3647	3647
2374	2374
3151	3151
1945	1945
1215	1215
1387	1387
3797	3797
1066	1066
2192	2192
1455	1455
2679	2679
3760	3760
2903	2903
3127	3127
1866	1866
570	570
2619	2619
3626	3626
550	550
2311	2311
1659	1659
843	843
966	966
1778	1778
835	835
2057	2057
3276	3276
3487	3487
2633	2633
3614	3614
3012	3012
3922	3922
3502	3502
708	708
3115	3115
3493	3493
1258	1258
874	874
144	144
1533	1533
3479	3479
2891	2891
851	851
2529	2529
2001	2001
2250	2250
666	666
2997	2997
685	685
598	598
1050	1050
1746	1746
450	450
145	145
156	156
3207	3207
3336	3336
1680	1680
2233	2233
434	434
3107	3107
1262	1262
1977	1977
1431	1431
962	962
3627	3627
2103	2103
2312	2312
1177	1177
2091	2091
885	885
3315	3315
921	921
3236	3236
3703	3703
3915	3915
633	633
2549	2549
1285	1285
2222	2222
3466	3466
739	739
2262	2262
2598	2598
2978	2978
99	99
1744	1744
3732	3732
2158	2158
1911	1911
2657	2657
331	331
297	297
405	405
1712	1712
1138	1138
937	937
1204	1204
985	985
1207	1207
3443	3443
3668	3668
3167	3167
1475	1475
1478	1478
2026	2026
2078	2078
2134	2134
1451	1451
3671	3671
3326	3326
945	945
2658	2658
1830	1830
669	669
3598	3598
3704	3704
662	662
654	654
3706	3706
3638	3638
3395	3395
3395	3397
3395	3399
3395	3401
3395	3403
3395	3405
3395	3407
3395	3409
3395	3411
3395	3413
3395	3415
3395	3417
3395	3419
3395	3421
3395	3423
3395	3425
3395	3427
3395	3429
3395	3431
3395	3433
3395	3435
3395	3437
3395	3439
3395	3441
3397	3395
3397	3397
3397	3399
3397	3401
3397	3403
3397	3405
3397	3407
3397	3409
3397	3411
3397	3413
3397	3415
3397	3417
3397	3419
3397	3421
3397	3423
3397	3425
3397	3427
3397	3429
3397	3431
3397	3433
3397	3435
3397	3437
3397	3439
3397	3441
3399	3395
3399	3397
3399	3399
3399	3401
3399	3403
3399	3405
3399	3407
3399	3409
3399	3411
3399	3413
3399	3415
3399	3417
3399	3419
3399	3421
3399	3423
3399	3425
3399	3427
3399	3429
3399	3431
3399	3433
3399	3435
3399	3437
3399	3439
3399	3441
3401	3395
3401	3397
3401	3399
3401	3401
3401	3403
3401	3405
3401	3407
3401	3409
3401	3411
3401	3413
3401	3415
3401	3417
3401	3419
3401	3421
3401	3423
3401	3425
3401	3427
3401	3429
3401	3431
3401	3433
3401	3435
3401	3437
3401	3439
3401	3441
3403	3395
3403	3397
3403	3399
3403	3401
3403	3403
3403	3405
3403	3407
3403	3409
3403	3411
3403	3413
3403	3415
3403	3417
3403	3419
3403	3421
3403	3423
3403	3425
3403	3427
3403	3429
3403	3431
3403	3433
3403	3435
3403	3437
3403	3439
3403	3441
3405	3395
3405	3397
3405	3399
3405	3401
3405	3403
3405	3405
3405	3407
3405	3409
3405	3411
3405	3413
3405	3415
3405	3417
3405	3419
3405	3421
3405	3423
3405	3425
3405	3427
3405	3429
3405	3431
3405	3433
3405	3435
3405	3437
3405	3439
3405	3441
3407	3395
3407	3397
3407	3399
3407	3401
3407	3403
3407	3405
3407	3407
3407	3409
3407	3411
3407	3413
3407	3415
3407	3417
3407	3419
3407	3421
3407	3423
3407	3425
3407	3427
3407	3429
3407	3431
3407	3433
3407	3435
3407	3437
3407	3439
3407	3441
3409	3395
3409	3397
3409	3399
3409	3401
3409	3403
3409	3405
3409	3407
3409	3409
3409	3411
3409	3413
3409	3415
3409	3417
3409	3419
3409	3421
3409	3423
3409	3425
3409	3427
3409	3429
3409	3431
3409	3433
3409	3435
3409	3437
3409	3439
3409	3441
3411	3395
3411	3397
3411	3399
3411	3401
3411	3403
3411	3405
3411	3407
3411	3409
3411	3411
3411	3413
3411	3415
3411	3417
3411	3419
3411	3421
3411	3423
3411	3425
3411	3427
3411	3429
3411	3431
3411	3433
3411	3435
3411	3437
3411	3439
3411	3441
3413	3395
3413	3397
3413	3399
3413	3401
3413	3403
3413	3405
3413	3407
3413	3409
3413	3411
3413	3413
3413	3415
3413	3417
3413	3419
3413	3421
3413	3423
3413	3425
3413	3427
3413	3429
3413	3431
3413	3433
3413	3435
3413	3437
3413	3439
3413	3441
3415	3395
3415	3397
3415	3399
3415	3401
3415	3403
3415	3405
3415	3407
3415	3409
3415	3411
3415	3413
3415	3415
3415	3417
3415	3419
3415	3421
3415	3423
3415	3425
3415	3427
3415	3429
3415	3431
3415	3433
3415	3435
3415	3437
3415	3439
3415	3441
3417	3395
3417	3397
3417	3399
3417	3401
3417	3403
3417	3405
3417	3407
3417	3409
3417	3411
3417	3413
3417	3415
3417	3417
3417	3419
3417	3421
3417	3423
3417	3425
3417	3427
3417	3429
3417	3431
3417	3433
3417	3435
3417	3437
3417	3439
3417	3441
3419	3395
3419	3397
3419	3399
3419	3401
3419	3403
3419	3405
3419	3407
3419	3409
3419	3411
3419	3413
3419	3415
3419	3417
3419	3419
3419	3421
3419	3423
3419	3425
3419	3427
3419	3429
3419	3431
3419	3433
3419	3435
3419	3437
3419	3439
3419	3441
3421	3395
3421	3397
3421	3399
3421	3401
3421	3403
3421	3405
3421	3407
3421	3409
3421	3411
3421	3413
3421	3415
3421	3417
3421	3419
3421	3421
3421	3423
3421	3425
3421	3427
3421	3429
3421	3431
3421	3433
3421	3435
3421	3437
3421	3439
3421	3441
3423	3395
3423	3397
3423	3399
3423	3401
3423	3403
3423	3405
3423	3407
3423	3409
3423	3411
3423	3413
3423	3415
3423	3417
3423	3419
3423	3421
3423	3423
3423	3425
3423	3427
3423	3429
3423	3431
3423	3433
3423	3435
3423	3437
3423	3439
3423	3441
3425	3395
3425	3397
3425	3399
3425	3401
3425	3403
3425	3405
3425	3407
3425	3409
3425	3411
3425	3413
3425	3415
3425	3417
3425	3419
3425	3421
3425	3423
3425	3425
3425	3427
3425	3429
3425	3431
3425	3433
3425	3435
3425	3437
3425	3439
3425	3441
3427	3395
3427	3397
3427	3399
3427	3401
3427	3403
3427	3405
3427	3407
3427	3409
3427	3411
3427	3413
3427	3415
3427	3417
3427	3419
3427	3421
3427	3423
3427	3425
3427	3427
3427	3429
3427	3431
3427	3433
3427	3435
3427	3437
3427	3439
3427	3441
3429	3395
3429	3397
3429	3399
3429	3401
3429	3403
3429	3405
3429	3407
3429	3409
3429	3411
3429	3413
3429	3415
3429	3417
3429	3419
3429	3421
3429	3423
3429	3425
3429	3427
3429	3429
3429	3431
3429	3433
3429	3435
3429	3437
3429	3439
3429	3441
3431	3395
3431	3397
3431	3399
3431	3401
3431	3403
3431	3405
3431	3407
3431	3409
3431	3411
3431	3413
3431	3415
3431	3417
3431	3419
3431	3421
3431	3423
3431	3425
3431	3427
3431	3429
3431	3431
3431	3433
3431	3435
3431	3437
3431	3439
3431	3441
3433	3395
3433	3397
3433	3399
3433	3401
3433	3403
3433	3405
3433	3407
3433	3409
3433	3411
3433	3413
3433	3415
3433	3417
3433	3419
3433	3421
3433	3423
3433	3425
3433	3427
3433	3429
3433	3431
3433	3433
3433	3435
3433	3437
3433	3439
3433	3441
3435	3395
3435	3397
3435	3399
3435	3401
3435	3403
3435	3405
3435	3407
3435	3409
3435	3411
3435	3413
3435	3415
3435	3417
3435	3419
3435	3421
3435	3423
3435	3425
3435	3427
3435	3429
3435	3431
3435	3433
3435	3435
3435	3437
3435	3439
3435	3441
3437	3395
3437	3397
3437	3399
3437	3401
3437	3403
3437	3405
3437	3407
3437	3409
3437	3411
3437	3413
3437	3415
3437	3417
3437	3419
3437	3421
3437	3423
3437	3425
3437	3427
3437	3429
3437	3431
3437	3433
3437	3435
3437	3437
3437	3439
3437	3441
3439	3395
3439	3397
3439	3399
3439	3401
3439	3403
3439	3405
3439	3407
3439	3409
3439	3411
3439	3413
3439	3415
3439	3417
3439	3419
3439	3421
3439	3423
3439	3425
3439	3427
3439	3429
3439	3431
3439	3433
3439	3435
3439	3437
3439	3439
3439	3441
3441	3395
3441	3397
3441	3399
3441	3401
3441	3403
3441	3405
3441	3407
3441	3409
3441	3411
3441	3413
3441	3415
3441	3417
3441	3419
3441	3421
3441	3423
3441	3425
3441	3427
3441	3429
3441	3431
3441	3433
3441	3435
3441	3437
3441	3439
3441	3441
1136	1136
2195	2195
3393	3393
2263	2263
2901	2901
3693	3693
2157	2157
1563	1563
2599	2599
548	548
2378	2378
2750	2750
1104	1104
1234	1234
3529	3529
3579	3579
3482	3482
1038	1038
3079	3079
3124	3124
3685	3685
824	824
2482	2482
150	150
614	614
2398	2398
3481	3481
2909	2909
1185	1185
3844	3844
1688	1688
581	581
3777	3777
2349	2349
1392	1392
1530	1530
2687	2687
2882	2882
623	623
3749	3749
2053	2053
892	892
1349	1349
1179	1179
3593	3593
3372	3372
1929	1929
1648	1648
1772	1772
2018	2018
1114	1114
554	554
1907	1907
1531	1531
1609	1609
854	854
189	189
1771	1771
930	930
3917	3917
1180	1180
2908	2908
1219	1219
910	910
6	6
151	151
1761	1761
355	355
2462	2462
3446	3446
1689	1689
2185	2185
3708	3708
2959	2959
422	422
1295	1295
464	464
2992	2992
2876	2876
3112	3112
3333	3333
2383	2383
675	675
2487	2487
527	527
1630	1630
506	506
2726	2726
1495	1495
1922	1922
3860	3860
2380	2380
2469	2469
453	453
2646	2646
640	640
744	744
1350	1350
3897	3897
1396	1396
1581	1581
3530	3530
3580	3580
183	183
211	211
1792	1792
130	130
397	397
2476	2476
925	925
3177	3177
2789	2789
3046	3046
3350	3350
610	610
440	440
1863	1863
3845	3845
1393	1393
359	359
3608	3608
3663	3663
539	539
1590	1590
3263	3263
3263	3735
3735	3263
3735	3735
1237	1237
2392	2392
656	656
2803	2803
416	416
3168	3168
2837	2837
280	280
3310	3310
2988	2988
3755	3755
753	753
976	976
1676	1676
3656	3656
3846	3846
1202	1202
3089	3089
3778	3778
186	186
2182	2182
860	860
2162	2162
2707	2707
741	741
127	127
3066	3066
607	607
1190	1190
80	80
1591	1591
2006	2006
2491	2491
3367	3367
3041	3041
2804	2804
2422	2422
3343	3343
2645	2645
2393	2393
1399	1399
2324	2324
1496	1496
2117	2117
2660	2660
2732	2732
1649	1649
1716	1716
2712	2712
3229	3229
326	326
590	590
269	269
439	439
510	510
647	647
2781	2781
2877	2877
3119	3119
3281	3281
3581	3581
2790	2790
3790	3790
2932	2932
1582	1582
3217	3217
3289	3289
695	695
3531	3531
210	210
1296	1296
1505	1505
3539	3539
2614	2614
1018	1018
138	138
335	335
1762	1762
576	576
1918	1918
1667	1667
763	763
702	702
1266	1266
1115	1115
1282	1282
307	307
3784	3784
520	520
832	832
465	465
352	352
3719	3719
431	431
431	447
447	431
447	447
651	651
3744	3744
104	104
107	107
2576	2576
243	243
2269	2269
263	263
500	500
220	220
2672	2672
3863	3863
1005	1005
3639	3639
321	321
1058	1058
3037	3037
3461	3461
1449	1449
986	986
1795	1795
1986	1986
2045	2045
2509	2509
2979	2979
863	863
2404	2404
3268	3268
2980	2980
3467	3467
1794	1794
3064	3064
638	638
3347	3347
2802	2802
3324	3324
3068	3068
2730	2730
580	580
2985	2985
3858	3858
1601	1601
3728	3728
629	629
3492	3492
3588	3588
3150	3150
3071	3071
3180	3180
3469	3469
2244	2244
865	865
2774	2774
778	778
1933	1933
3179	3179
3611	3611
3660	3660
2532	2532
1013	1013
2459	2459
664	664
1602	1602
3000	3000
3025	3025
1797	1797
2734	2734
2764	2764
3322	3322
1279	1279
2119	2119
3165	3165
1927	1927
2281	2281
3916	3916
1205	1205
3733	3733
3261	3261
751	751
3237	3237
1178	1178
2080	2080
862	862
1503	1503
2458	2458
2261	2261
3204	3204
828	828
1384	1384
1163	1163
3497	3497
2945	2945
1043	1043
3378	3378
3651	3651
2669	2669
3463	3463
1831	1831
491	491
3386	3386
125	125
2693	2693
1653	1653
175	175
3599	3599
3197	3197
1325	1325
1479	1479
1565	1565
1822	1822
3099	3099
3240	3240
1466	1466
3548	3548
3210	3210
2083	2083
3672	3672
2939	2939
1468	1468
2503	2503
829	829
2135	2135
1605	1605
1769	1769
2365	2365
3239	3239
1645	1645
3600	3600
90	90
174	174
2097	2097
2149	2149
916	916
1408	1408
2504	2504
946	946
1564	1564
3851	3851
1315	1315
194	194
2098	2098
229	229
3838	3838
2196	2196
19	19
2505	2505
2176	2176
3511	3511
176	176
287	287
339	339
3003	3003
2144	2144
394	394
2680	2680
246	246
142	142
2751	2751
1403	1403
233	233
65	65
1290	1290
1458	1458
3234	3234
1846	1846
3514	3514
2411	2411
3211	3211
1326	1326
1633	1633
198	198
3558	3558
1322	1322
1845	1845
2560	2560
3116	3116
709	709
1625	1625
1694	1694
3002	3002
3192	3192
2634	2634
1520	1520
1718	1718
2664	2664
3518	3518
311	311
875	875
201	201
2039	2039
948	948
2681	2681
1934	1934
3740	3740
2415	2415
2639	2639
384	384
2974	2974
809	809
1301	1301
3337	3337
759	759
1898	1898
2049	2049
3677	3677
3618	3618
856	856
3454	3454
712	712
2651	2651
3488	3488
2856	2856
2305	2305
3878	3878
3804	3804
1576	1576
3076	3076
1584	1584
2304	2304
3128	3128
1254	1254
1486	1486
857	857
260	260
318	318
381	381
2787	2787
2742	2742
2817	2817
782	782
2292	2292
1534	1534
1765	1765
1594	1594
3017	3017
2494	2494
1435	1435
1820	1820
489	489
2878	2878
719	719
1501	1501
1200	1200
2376	2376
518	518
429	429
3147	3147
3508	3508
2115	2115
333	333
1343	1343
3589	3589
86	86
1446	1446
110	110
2177	2177
2655	2655
482	482
159	159
231	231
1672	1672
671	671
3918	3918
2428	2428
3590	3590
1800	1800
2072	2072
2228	2228
426	426
2070	2070
2923	2923
2948	2948
706	706
2946	2946
672	672
413	413
2297	2297
486	486
3073	3073
12	12
365	365
973	973
2778	2778
1891	1891
1016	1016
718	718
88	88
660	660
3370	3370
497	497
1751	1751
3163	3163
517	517
2486	2486
3509	3509
939	939
3294	3294
457	457
1122	1122
3887	3887
1140	1140
2406	2406
2552	2552
3158	3158
767	767
958	958
1242	1242
3059	3059
342	342
1989	1989
2099	2099
2517	2517
370	370
3173	3173
147	147
2124	2124
3182	3182
2329	2329
3681	3681
2545	2545
3381	3381
3552	3552
1913	1913
1363	1363
148	148
341	341
167	167
407	407
1144	1144
2584	2584
2165	2165
543	543
3798	3798
2917	2917
290	290
697	697
1373	1373
1087	1087
1123	1123
3280	3280
2223	2223
3366	3366
185	185
2361	2361
126	126
1398	1398
2323	2323
2490	2490
740	740
3288	3288
3364	3364
358	358
970	970
2725	2725
124	124
635	635
1465	1465
1924	1924
2225	2225
3061	3061
2309	2309
2479	2479
219	219
650	650
103	103
943	943
3601	3601
1985	1985
1816	1816
2813	2813
1663	1663
2227	2227
1671	1671
3610	3610
1926	1926
3132	3132
3602	3602
3862	3862
3665	3665
1832	1832
3063	3063
3587	3587
637	637
18	18
605	605
2696	2696
3818	3818
634	634
646	646
1044	1044
2364	2364
2381	2381
3655	3655
1467	1467
1003	1003
3385	3385
830	830
3607	3607
947	947
3100	3100
197	197
3157	3157
696	696
1208	1208
1852	1852
3882	3882
880	880
1402	1402
2442	2442
1736	1736
2516	2516
1106	1106
1316	1316
721	721
364	364
2351	2351
3270	3270
971	971
1611	1611
1078	1078
91	91
847	847
1062	1062
3854	3854
808	808
1939	1939
2539	2539
2319	2319
2796	2796
972	972
1353	1353
2337	2337
2150	2150
314	314
2782	2782
332	332
1409	1409
1500	1500
230	230
1788	1788
1542	1542
2559	2559
2933	2933
3327	3327
938	938
406	406
2623	2623
1640	1640
2791	2791
2441	2441
1735	1735
785	785
1912	1912
779	779
2079	2079
977	977
3325	3325
3546	3546
3577	3577
1473	1473
3666	3666
1213	1213
3039	3039
1665	1665
3348	3348
1818	1818
2543	2543
1987	1987
1156	1156
658	658
2327	2327
3273	3273
3729	3729
1252	1252
1450	1450
1053	1053
1452	1452
3669	3669
2853	2853
3506	3506
3603	3603
1239	1239
2466	2466
2405	2405
2981	2981
1276	1276
1607	1607
737	737
1010	1010
3316	3316
1348	1348
3038	3038
567	567
3444	3444
1183	1183
1909	1909
2046	2046
2755	2755
1664	1664
2953	2953
1943	1943
2264	2264
1196	1196
701	701
2120	2120
2928	2928
2460	2460
2600	2600
463	463
2367	2367
2765	2765
1894	1894
742	742
1424	1424
476	476
2556	2556
3083	3083
1561	1561
665	665
3106	3106
2102	2102
3206	3206
3836	3836
3156	3156
3238	3238
2081	2081
155	155
549	549
842	842
884	884
4	4
1394	1394
861	861
3795	3795
1865	1865
3849	3849
3392	3392
3442	3442
3796	3796
2815	2815
663	663
841	841
3396	3396
3396	3398
3396	3400
3396	3402
3396	3404
3396	3406
3396	3408
3396	3410
3396	3412
3396	3414
3396	3416
3396	3418
3396	3420
3396	3422
3396	3424
3396	3426
3396	3428
3396	3430
3396	3432
3396	3434
3396	3436
3396	3438
3396	3440
3398	3396
3398	3398
3398	3400
3398	3402
3398	3404
3398	3406
3398	3408
3398	3410
3398	3412
3398	3414
3398	3416
3398	3418
3398	3420
3398	3422
3398	3424
3398	3426
3398	3428
3398	3430
3398	3432
3398	3434
3398	3436
3398	3438
3398	3440
3400	3396
3400	3398
3400	3400
3400	3402
3400	3404
3400	3406
3400	3408
3400	3410
3400	3412
3400	3414
3400	3416
3400	3418
3400	3420
3400	3422
3400	3424
3400	3426
3400	3428
3400	3430
3400	3432
3400	3434
3400	3436
3400	3438
3400	3440
3402	3396
3402	3398
3402	3400
3402	3402
3402	3404
3402	3406
3402	3408
3402	3410
3402	3412
3402	3414
3402	3416
3402	3418
3402	3420
3402	3422
3402	3424
3402	3426
3402	3428
3402	3430
3402	3432
3402	3434
3402	3436
3402	3438
3402	3440
3404	3396
3404	3398
3404	3400
3404	3402
3404	3404
3404	3406
3404	3408
3404	3410
3404	3412
3404	3414
3404	3416
3404	3418
3404	3420
3404	3422
3404	3424
3404	3426
3404	3428
3404	3430
3404	3432
3404	3434
3404	3436
3404	3438
3404	3440
3406	3396
3406	3398
3406	3400
3406	3402
3406	3404
3406	3406
3406	3408
3406	3410
3406	3412
3406	3414
3406	3416
3406	3418
3406	3420
3406	3422
3406	3424
3406	3426
3406	3428
3406	3430
3406	3432
3406	3434
3406	3436
3406	3438
3406	3440
3408	3396
3408	3398
3408	3400
3408	3402
3408	3404
3408	3406
3408	3408
3408	3410
3408	3412
3408	3414
3408	3416
3408	3418
3408	3420
3408	3422
3408	3424
3408	3426
3408	3428
3408	3430
3408	3432
3408	3434
3408	3436
3408	3438
3408	3440
3410	3396
3410	3398
3410	3400
3410	3402
3410	3404
3410	3406
3410	3408
3410	3410
3410	3412
3410	3414
3410	3416
3410	3418
3410	3420
3410	3422
3410	3424
3410	3426
3410	3428
3410	3430
3410	3432
3410	3434
3410	3436
3410	3438
3410	3440
3412	3396
3412	3398
3412	3400
3412	3402
3412	3404
3412	3406
3412	3408
3412	3410
3412	3412
3412	3414
3412	3416
3412	3418
3412	3420
3412	3422
3412	3424
3412	3426
3412	3428
3412	3430
3412	3432
3412	3434
3412	3436
3412	3438
3412	3440
3414	3396
3414	3398
3414	3400
3414	3402
3414	3404
3414	3406
3414	3408
3414	3410
3414	3412
3414	3414
3414	3416
3414	3418
3414	3420
3414	3422
3414	3424
3414	3426
3414	3428
3414	3430
3414	3432
3414	3434
3414	3436
3414	3438
3414	3440
3416	3396
3416	3398
3416	3400
3416	3402
3416	3404
3416	3406
3416	3408
3416	3410
3416	3412
3416	3414
3416	3416
3416	3418
3416	3420
3416	3422
3416	3424
3416	3426
3416	3428
3416	3430
3416	3432
3416	3434
3416	3436
3416	3438
3416	3440
3418	3396
3418	3398
3418	3400
3418	3402
3418	3404
3418	3406
3418	3408
3418	3410
3418	3412
3418	3414
3418	3416
3418	3418
3418	3420
3418	3422
3418	3424
3418	3426
3418	3428
3418	3430
3418	3432
3418	3434
3418	3436
3418	3438
3418	3440
3420	3396
3420	3398
3420	3400
3420	3402
3420	3404
3420	3406
3420	3408
3420	3410
3420	3412
3420	3414
3420	3416
3420	3418
3420	3420
3420	3422
3420	3424
3420	3426
3420	3428
3420	3430
3420	3432
3420	3434
3420	3436
3420	3438
3420	3440
3422	3396
3422	3398
3422	3400
3422	3402
3422	3404
3422	3406
3422	3408
3422	3410
3422	3412
3422	3414
3422	3416
3422	3418
3422	3420
3422	3422
3422	3424
3422	3426
3422	3428
3422	3430
3422	3432
3422	3434
3422	3436
3422	3438
3422	3440
3424	3396
3424	3398
3424	3400
3424	3402
3424	3404
3424	3406
3424	3408
3424	3410
3424	3412
3424	3414
3424	3416
3424	3418
3424	3420
3424	3422
3424	3424
3424	3426
3424	3428
3424	3430
3424	3432
3424	3434
3424	3436
3424	3438
3424	3440
3426	3396
3426	3398
3426	3400
3426	3402
3426	3404
3426	3406
3426	3408
3426	3410
3426	3412
3426	3414
3426	3416
3426	3418
3426	3420
3426	3422
3426	3424
3426	3426
3426	3428
3426	3430
3426	3432
3426	3434
3426	3436
3426	3438
3426	3440
3428	3396
3428	3398
3428	3400
3428	3402
3428	3404
3428	3406
3428	3408
3428	3410
3428	3412
3428	3414
3428	3416
3428	3418
3428	3420
3428	3422
3428	3424
3428	3426
3428	3428
3428	3430
3428	3432
3428	3434
3428	3436
3428	3438
3428	3440
3430	3396
3430	3398
3430	3400
3430	3402
3430	3404
3430	3406
3430	3408
3430	3410
3430	3412
3430	3414
3430	3416
3430	3418
3430	3420
3430	3422
3430	3424
3430	3426
3430	3428
3430	3430
3430	3432
3430	3434
3430	3436
3430	3438
3430	3440
3432	3396
3432	3398
3432	3400
3432	3402
3432	3404
3432	3406
3432	3408
3432	3410
3432	3412
3432	3414
3432	3416
3432	3418
3432	3420
3432	3422
3432	3424
3432	3426
3432	3428
3432	3430
3432	3432
3432	3434
3432	3436
3432	3438
3432	3440
3434	3396
3434	3398
3434	3400
3434	3402
3434	3404
3434	3406
3434	3408
3434	3410
3434	3412
3434	3414
3434	3416
3434	3418
3434	3420
3434	3422
3434	3424
3434	3426
3434	3428
3434	3430
3434	3432
3434	3434
3434	3436
3434	3438
3434	3440
3436	3396
3436	3398
3436	3400
3436	3402
3436	3404
3436	3406
3436	3408
3436	3410
3436	3412
3436	3414
3436	3416
3436	3418
3436	3420
3436	3422
3436	3424
3436	3426
3436	3428
3436	3430
3436	3432
3436	3434
3436	3436
3436	3438
3436	3440
3438	3396
3438	3398
3438	3400
3438	3402
3438	3404
3438	3406
3438	3408
3438	3410
3438	3412
3438	3414
3438	3416
3438	3418
3438	3420
3438	3422
3438	3424
3438	3426
3438	3428
3438	3430
3438	3432
3438	3434
3438	3436
3438	3438
3438	3440
3440	3396
3440	3398
3440	3400
3440	3402
3440	3404
3440	3406
3440	3408
3440	3410
3440	3412
3440	3414
3440	3416
3440	3418
3440	3420
3440	3422
3440	3424
3440	3426
3440	3428
3440	3430
3440	3432
3440	3434
3440	3436
3440	3438
3440	3440
2128	2128
3298	3298
3705	3705
3394	3394
3876	3876
2303	2303
3113	3113
330	330
2013	2013
2013	3026
3026	2013
3026	3026
604	604
1137	1137
2481	2481
1395	1395
2007	2007
2409	2409
1265	1265
893	893
823	823
1385	1385
3036	3036
2461	2461
3334	3334
3707	3707
3205	3205
3161	3161
1745	1745
681	681
1170	1170
2113	2113
3227	3227
2910	2910
3793	3793
82	82
1019	1019
1287	1287
716	716
2615	2615
3154	3154
703	703
1030	1030
2206	2206
0	0
2699	2699
1919	1919
1623	1623
577	577
692	692
2	2
3084	3084
459	459
1722	1722
1443	1443
952	952
2423	2423
1074	1074
2399	2399
1742	1742
3771	3771
1414	1414
1878	1878
536	536
1186	1186
96	96
587	587
733	733
3137	3137
748	748
348	348
1826	1826
2994	2994
3772	3772
2483	2483
3686	3686
1557	1557
825	825
1810	1810
3448	3448
1075	1075
3125	3125
437	437
349	349
2273	2273
62	62
734	734
2840	2840
1419	1419
27	27
27	33
27	39
27	45
27	51
33	27
33	33
33	39
33	45
33	51
39	27
39	33
39	39
39	45
39	51
45	27
45	33
45	39
45	45
45	51
51	27
51	33
51	39
51	45
51	51
227	227
81	81
282	282
1756	1756
7	7
21	21
58	58
470	470
1834	1834
800	800
10	10
1523	1523
1031	1031
1309	1309
2240	2240
3133	3133
3765	3765
3525	3525
3091	3091
1930	1930
417	417
1973	1973
3785	3785
248	248
1515	1515
3373	3373
2357	2357
3720	3720
3710	3710
2820	2820
2285	2285
2285	2961
2961	2285
2961	2961
3745	3745
931	931
1690	1690
755	755
3780	3780
2871	2871
1773	1773
3840	3840
2870	2870
1506	1506
1691	1691
3814	3814
2342	2342
3311	3311
794	794
3808	3808
2883	2883
1313	1313
3303	3303
1059	1059
1703	1703
3640	3640
1873	1873
3574	3574
3766	3766
1440	1440
3134	3134
2168	2168
3750	3750
1006	1006
2432	2432
3892	3892
3721	3721
3245	3245
2673	2673
3825	3825
3786	3786
3864	3864
3536	3536
624	624
2236	2236
2500	2500
1351	1351
1560	1560
3486	3486
3664	3664
17	17
184	184
323	323
649	649
2724	2724
241	241
1510	1510
883	883
3287	3287
1397	1397
689	689
1499	1499
3521	3521
1814	1814
223	223
1842	1842
2360	2360
2511	2511
3005	3005
1610	1610
2912	2912
1567	1567
2464	2464
2472	2472
379	379
573	573
3834	3834
3120	3120
2111	2111
1182	1182
2465	2465
3556	3556
676	676
3264	3264
3817	3817
1238	1238
1908	1908
3353	3353
3736	3736
1896	1896
1251	1251
410	410
528	528
657	657
1247	1247
363	363
1804	1804
3889	3889
329	329
3702	3702
2612	2612
324	324
3898	3898
822	822
546	546
2927	2927
2488	2488
2557	2557
2224	2224
1105	1105
3609	3609
154	154
1383	1383
392	392
1195	1195
1923	1923
1864	1864
57	57
61	61
592	592
1191	1191
3447	3447
252	252
70	70
3792	3792
26	26
26	32
26	38
26	44
26	50
32	26
32	32
32	38
32	44
32	50
38	26
38	32
38	38
38	44
38	50
44	26
44	32
44	38
44	44
44	50
50	26
50	32
50	38
50	44
50	50
995	995
2993	2993
817	817
998	998
3226	3226
3833	3833
615	615
591	591
1721	1721
2698	2698
534	534
1877	1877
2536	2536
1246	1246
3048	3048
3244	3244
3219	3219
3824	3824
582	582
2167	2167
1193	1193
2537	2537
878	878
3700	3700
2661	2661
454	454
1222	1222
3779	3779
117	117
3344	3344
754	754
1101	1101
3709	3709
265	265
2960	2960
1181	1181
3701	3701
1358	1358
545	545
328	328
409	409
153	153
503	503
266	266
240	240
648	648
2643	2643
2283	2283
2463	2463
378	378
3286	3286
24	24
3791	3791
327	327
398	398
55	55
469	469
30	30
30	36
30	42
30	48
36	30
36	36
36	42
36	48
42	30
42	36
42	42
42	48
48	30
48	36
48	42
48	48
281	281
54	54
212	212
3218	3218
25	25
25	31
25	37
25	43
25	49
31	25
31	31
31	37
31	43
31	49
37	25
37	31
37	37
37	43
37	49
43	25
43	31
43	37
43	43
43	49
49	25
49	31
49	37
49	43
49	49
277	277
56	56
253	253
1221	1221
1368	1368
3225	3225
1876	1876
616	616
902	902
3362	3362
257	257
2766	2766
3542	3542
2835	2835
1463	1463
3388	3388
235	235
2554	2554
217	217
1853	1853
101	101
135	135
121	121
881	881
2061	2061
1953	1953
2700	2700
1	1
951	951
1892	1892
1979	1979
2100	2100
3457	3457
1000	1000
3724	3724
3159	3159
2758	2758
2407	2407
2616	2616
2956	2956
2586	2586
2809	2809
2886	2886
3764	3764
2067	2067
2627	2627
2266	2266
2757	2757
375	375
273	273
1893	1893
3155	3155
179	179
2408	2408
83	83
225	225
2695	2695
1421	1421
1098	1098
1464	1464
3606	3606
731	731
3103	3103
3541	3541
346	346
2767	2767
3060	3060
3228	3228
3361	3361
264	264
3382	3382
1879	1879
221	221
1145	1145
2518	2518
283	283
322	322
1142	1142
1854	1854
2911	2911
1187	1187
1088	1088
888	888
1539	1539
1090	1090
3867	3867
1331	1331
905	905
1339	1339
1109	1109
3883	3883
3094	3094
204	204
2807	2807
3799	3799
298	298
2009	2009
1083	1083
3138	3138
2036	2036
786	786
1444	1444
1415	1415
3884	3884
698	698
301	301
478	478
1272	1272
3561	3561
1723	1723
112	112
272	272
1332	1332
1089	1089
2737	2737
1166	1166
2400	2400
1292	1292
1426	1426
2377	2377
3024	3024
2937	2937
2879	2879
3296	3296
2274	2274
1781	1781
2133	2133
2667	2667
495	495
3856	3856
2011	2011
315	315
941	941
1998	1998
588	588
3831	3831
524	524
483	483
3110	3110
2930	2930
848	848
3331	3331
630	630
368	368
1198	1198
2122	2122
308	308
3086	3086
765	765
3292	3292
1344	1344
1267	1267
63	63
2146	2146
1320	1320
3126	3126
3687	3687
1573	1573
764	764
2178	2178
1940	1940
2637	2637
3054	3054
1268	1268
2656	2656
1558	1558
1811	1811
826	826
2156	2156
3773	3773
3830	3830
621	621
900	900
2880	2880
1283	1283
849	849
1827	1827
3449	3449
2190	2190
749	749
2484	2484
3874	3874
2947	2947
2830	2830
366	366
498	498
2924	2924
13	13
445	445
2949	2949
181	181
2375	2375
2450	2450
105	105
3801	3801
1580	1580
3380	3380
532	532
1388	1388
3044	3044
460	460
1946	1946
2429	2429
1492	1492
192	192
2563	2563
2435	2435
1524	1524
3251	3251
578	578
278	278
699	699
803	803
2507	2507
3250	3250
1941	1941
2951	2951
840	840
2984	2984
2541	2541
1039	1039
1493	1493
228	228
3653	3653
1160	1160
2925	2925
1757	1757
182	182
3284	3284
3379	3379
15	15
22	22
59	59
255	255
28	28
28	34
28	40
28	46
28	52
34	28
34	34
34	40
34	46
34	52
40	28
40	34
40	40
40	46
40	52
46	28
46	34
46	40
46	46
46	52
52	28
52	34
52	40
52	46
52	52
2831	2831
2722	2722
108	108
481	481
3232	3232
2575	2575
424	424
2126	2126
551	551
169	169
1302	1302
3788	3788
1786	1786
571	571
1597	1597
205	205
3489	3489
2014	2014
844	844
844	1936
1936	844
1936	1936
2521	2521
2620	2620
2358	2358
917	917
1701	1701
2676	2676
3201	3201
3193	3193
2864	2864
3020	3020
1626	1626
139	139
3008	3008
2578	2578
982	982
982	1069
1069	982
1069	1069
2416	2416
906	906
595	595
1857	1857
1747	1747
2577	2577
1974	1974
2075	2075
1034	1034
1655	1655
75	75
1151	1151
2129	2129
2684	2684
1612	1612
3299	3299
2241	2241
1627	1627
3092	3092
3761	3761
3879	3879
3194	3194
2438	2438
3184	3184
3255	3255
3526	3526
1790	1790
2456	2456
2892	2892
1935	1935
1884	1884
2771	2771
2640	2640
1310	1310
1543	1543
1483	1483
1931	1931
914	914
1700	1700
1303	1303
1456	1456
3455	3455
1867	1867
3143	3143
3805	3805
2798	2798
1125	1125
2387	2387
2825	2825
1470	1470
3716	3716
788	788
3313	3313
599	599
3715	3715
3841	3841
1355	1355
896	896
1487	1487
3909	3909
1548	1548
3214	3214
3595	3595
3356	3356
1839	1839
3189	3189
1684	1684
2497	2497
989	989
92	92
3642	3642
2896	2896
1585	1585
1023	1023
1110	1110
1615	1615
3013	3013
2152	2152
3923	3923
1535	1535
2213	2213
1335	1335
2198	2198
3615	3615
3674	3674
1766	1766
756	756
787	787
805	805
2286	2286
2962	2962
3904	3904
2797	2797
3698	3698
3711	3711
2171	2171
1126	1126
2826	2826
3277	3277
2861	2861
3188	3188
3908	3908
2872	2872
3781	3781
1488	1488
2331	2331
2998	2998
3208	3208
2277	2277
3753	3753
2043	2043
2088	2088
1459	1459
1314	1314
627	627
3476	3476
420	420
2042	2042
2593	2593
1527	1527
395	395
3895	3895
2094	2094
3499	3499
3220	3220
157	157
1370	1370
1887	1887
3512	3512
288	288
2630	2630
2884	2884
3096	3096
1051	1051
2437	2437
1692	1692
1390	1390
1507	1507
1371	1371
2369	2369
955	955
165	165
686	686
890	890
667	667
852	852
295	295
2343	2343
3097	3097
3033	3033
3911	3911
3550	3550
932	932
2594	2594
1621	1621
769	769
3537	3537
3329	3329
3568	3568
2433	2433
1978	1978
2625	2625
1554	1554
3052	3052
1991	1991
2270	2270
2665	2665
2106	2106
3108	3108
3865	3865
1007	1007
792	792
876	876
1753	1753
3633	3633
2934	2934
293	293
2792	2792
1551	1551
2565	2565
2746	2746
2752	2752
2888	2888
3826	3826
1327	1327
3893	3893
1634	1634
2313	2313
1837	1837
3902	3902
2674	2674
1481	1481
3696	3696
3565	3565
3246	3246
3870	3870
2753	2753
2040	2040
2889	2889
1150	1150
2793	2793
2418	2418
980	980
163	163
1067	1067
1209	1209
3695	3695
2443	2443
3822	3822
372	372
1808	1808
2624	2624
513	513
2210	2210
2234	2234
1719	1719
3027	3027
867	867
1874	1874
1681	1681
1754	1754
3767	3767
1622	1622
292	292
2355	2355
1441	1441
2920	2920
772	772
3471	3471
793	793
1516	1516
2510	2510
3118	3118
2731	2731
1895	1895
3485	3485
1382	1382
3065	3065
936	936
509	509
2931	2931
404	404
2194	2194
3555	3555
3195	3195
924	924
3832	3832
2110	2110
1629	1629
639	639
3111	3111
3859	3859
1284	1284
3332	3332
609	609
2025	2025
743	743
129	129
95	95
2763	2763
3459	3459
351	351
691	691
3875	3875
547	547
3847	3847
750	750
1011	1011
1277	1277
3692	3692
944	944
3317	3317
3148	3148
2090	2090
3081	3081
1562	1562
3496	3496
5	5
1278	1278
1828	1828
3318	3318
2280	2280
1012	1012
622	622
690	690
1796	1796
864	864
3848	3848
2729	2729
3857	3857
1644	1644
3082	3082
2012	2012
3460	3460
2243	2243
3297	3297
3468	3468
1999	1999
2801	2801
3149	3149
2275	2275
1017	1017
942	942
1417	1417
3837	3837
1218	1218
752	752
3554	3554
2096	2096
325	325
3484	3484
3850	3850
1381	1381
3269	3269
2938	2938
3881	3881
3462	3462
2082	2082
1077	1077
655	655
923	923
2668	2668
3196	3196
538	538
1324	1324
2093	2093
1362	1362
1171	1171
2735	2735
2245	2245
200	200
1321	1321
64	64
2550	2550
866	866
886	886
2092	2092
2427	2427
3470	3470
3886	3886
3114	3114
2816	2816
1386	1386
2493	2493
1593	1593
895	895
2650	2650
711	711
1592	1592
3369	3369
3162	3162
3072	3072
2531	2531
1199	1199
2902	2902
3043	3043
85	85
3335	3335
2000	2000
894	894
3877	3877
1579	1579
3222	3222
1600	1600
3293	3293
3763	3763
2008	2008
1752	1752
3694	3694
1519	1519
433	433
286	286
2033	2033
2123	2123
3181	3181
369	369
393	393
449	449
766	766
954	954
1904	1904
1228	1228
1346	1346
3737	3737
3121	3121
3166	3166
1559	1559
1603	1603
1674	1674
575	575
2290	2290
2526	2526
2391	2391
2705	2705
2474	2474
1798	1798
1801	1801
3319	3319
1133	1133
3265	3265
1071	1071
1014	1014
1269	1269
3629	3629
2970	2970
2249	2249
3667	3667
978	978
1065	1065
2629	2629
907	907
3055	3055
1569	1569
1693	1693
3775	3775
1686	1686
1774	1774
1915	1915
2867	2867
3730	3730
2547	2547
3170	3170
2315	2315
2914	2914
2971	2971
2141	2141
1064	1064
1636	1636
2907	2907
1707	1707
3661	3661
1673	1673
1036	1036
2396	2396
2990	2990
3235	3235
1229	1229
2413	2413
2582	2582
3274	3274
1678	1678
1698	1698
3658	3658
3920	3920
1657	1657
3612	3612
2291	2291
1391	1391
984	984
3688	3688
2069	2069
2485	2485
2065	2065
3528	3528
929	929
1232	1232
2659	2659
3360	3360
525	525
2710	2710
209	209
1982	1982
687	687
2513	2513
3604	3604
1164	1164
589	589
2220	2220
2425	2425
1976	1976
1049	1049
2996	2996
2775	2775
850	850
2191	2191
2986	2986
2048	2048
2056	2056
569	569
2618	2618
1710	1710
3069	3069
777	777
3637	3637
597	597
3074	3074
3774	3774
2077	2077
3015	3015
2047	2047
827	827
1206	1206
2221	2221
1812	1812
1711	1711
3734	3734
568	568
707	707
1734	1734
3262	3262
3684	3684
188	188
1461	1461
541	541
427	427
2881	2881
487	487
3743	3743
670	670
1504	1504
1928	1928
619	619
2268	2268
1080	1080
411	411
522	522
516	516
496	496
1305	1305
2694	2694
3102	3102
109	109
1869	1869
3282	3282
2720	2720
1713	1713
1713	2159
2159	1713
2159	2159
950	950
1947	1947
801	801
1952	1952
2506	2506
191	191
3387	3387
492	492
585	585
2071	2071
271	271
530	530
2209	2209
203	203
1108	1108
207	207
1318	1318
2636	2636
3855	3855
3464	3464
3802	3802
111	111
166	166
957	957
2950	2950
1997	1997
1107	1107
367	367
1139	1139
3291	3291
1319	1319
2721	2721
14	14
2590	2590
3058	3058
3652	3652
1378	1378
1526	1526
3101	3101
3283	3283
2320	2320
224	224
2540	2540
3522	3522
237	237
1861	1861
134	134
100	100
2352	2352
216	216
2719	2719
3271	3271
256	256
722	722
802	802
1033	1033
2084	2084
2338	2338
1641	1641
1789	1789
2074	2074
160	160
1654	1654
1041	1041
3557	3557
1856	1856
678	678
2520	2520
1632	1632
2298	2298
2151	2151
2783	2783
3673	3673
804	804
3583	3583
3567	3567
2028	2028
2386	2386
2714	2714
1022	1022
3355	3355
3513	3513
1354	1354
1469	1469
1547	1547
2087	2087
3617	3617
3549	3549
726	726
2027	2027
2741	2741
1389	1389
2299	2299
1525	1525
2436	2436
724	724
2354	2354
2170	2170
3051	3051
1823	1823
3241	3241
3328	3328
3453	3453
2339	2339
512	512
813	813
3533	3533
380	380
2564	2564
1836	1836
2683	2683
3901	3901
303	303
259	259
1897	1897
1480	1480
3198	3198
3252	3252
1764	1764
171	171
3852	3852
1925	1925
3649	3649
636	636
2260	2260
2814	2814
3062	3062
1161	1161
2363	2363
1651	1651
3384	3384
3654	3654
700	700
2226	2226
922	922
2403	2403
387	387
579	579
3365	3365
2322	2322
3178	3178
1162	1162
2851	2851
3	3
1401	1401
812	812
1448	1448
2595	2595
2952	2952
1002	1002
2395	2395
2795	2795
3257	3257
736	736
1352	1352
1606	1606
1942	1942
2852	2852
1566	1566
1652	1652
2906	2906
2326	2326
3650	3650
3545	3545
1646	1646
490	490
2542	2542
3853	3853
2709	2709
1817	1817
720	720
1236	1236
2480	2480
1436	1436
1770	1770
2237	2237
2362	2362
3391	3391
1423	1423
3105	3105
1485	1485
2366	2366
123	123
2310	2310
386	386
1833	1833
20	20
1758	1758
799	799
79	79
2421	2421
533	533
1494	1494
1921	1921
1813	1813
1437	1437
2875	2875
116	116
452	452
2382	2382
1045	1045
1413	1413
505	505
1806	1806
1972	1972
268	268
2431	2431
3891	3891
1312	1312
1850	1850
1791	1791
3820	3820
1715	1715
1862	1862
2239	2239
2379	2379
1620	1620
1872	1872
3839	3839
2454	2454
606	606
279	279
1308	1308
2197	2197
2301	2301
2161	2161
461	461
934	934
1004	1004
2238	2238
3819	3819
1871	1871
2453	2453
821	821
1619	1619
2926	2926
1250	1250
2671	2671
137	137
2723	2723
16	16
195	195
1498	1498
1307	1307
23	23
29	29
29	35
29	41
29	47
29	53
35	29
35	35
35	41
35	47
35	53
41	29
41	35
41	41
41	47
41	53
47	29
47	35
47	41
47	47
47	53
53	29
53	35
53	41
53	47
53	53
388	388
3572	3572
3285	3285
499	499
242	242
60	60
831	831
1286	1286
430	430
430	446
446	430
446	446
1438	1438
2769	2769
306	306
2697	2697
1949	1949
2477	2477
2701	2701
2062	2062
2647	2647
3520	3520
1969	1969
2611	2611
3888	3888
968	968
2470	2470
3352	3352
356	356
2235	2235
1957	1957
1956	1956
745	745
3351	3351
3047	3047
746	746
1968	1968
1954	1954
1958	1958
1958	1959
1958	1960
1958	1961
1958	1962
1958	1963
1958	1964
1958	1965
1958	1966
1958	1967
1959	1958
1959	1959
1959	1960
1959	1961
1959	1962
1959	1963
1959	1964
1959	1965
1959	1966
1959	1967
1960	1958
1960	1959
1960	1960
1960	1961
1960	1962
1960	1963
1960	1964
1960	1965
1960	1966
1960	1967
1961	1958
1961	1959
1961	1960
1961	1961
1961	1962
1961	1963
1961	1964
1961	1965
1961	1966
1961	1967
1962	1958
1962	1959
1962	1960
1962	1961
1962	1962
1962	1963
1962	1964
1962	1965
1962	1966
1962	1967
1963	1958
1963	1959
1963	1960
1963	1961
1963	1962
1963	1963
1963	1964
1963	1965
1963	1966
1963	1967
1964	1958
1964	1959
1964	1960
1964	1961
1964	1962
1964	1963
1964	1964
1964	1965
1964	1966
1964	1967
1965	1958
1965	1959
1965	1960
1965	1961
1965	1962
1965	1963
1965	1964
1965	1965
1965	1966
1965	1967
1966	1958
1966	1959
1966	1960
1966	1961
1966	1962
1966	1963
1966	1964
1966	1965
1966	1966
1966	1967
1967	1958
1967	1959
1967	1960
1967	1961
1967	1962
1967	1963
1967	1964
1967	1965
1967	1966
1967	1967
1955	1955
926	926
474	474
119	119
1046	1046
1194	1194
131	131
747	747
641	641
402	402
514	514
2849	2849
593	593
2703	2703
276	276
2727	2727
3243	3243
1100	1100
2689	2689
118	118
1047	1047
3573	3573
507	507
2850	2850
2555	2555
2678	2678
997	997
2648	2648
996	996
1741	1741
3389	3389
3770	3770
1970	1970
969	969
3203	3203
3543	3543
71	71
1220	1220
3861	3861
1662	1662
2478	2478
69	69
3828	3828
846	846
2662	2662
1192	1192
1938	1938
2827	2827
2832	2832
2622	2622
2838	2838
251	251
239	239
583	583
1950	1950
2384	2384
2471	2471
2642	2642
152	152
2538	2538
3224	3224
401	401
502	502
3049	3049
879	879
1631	1631
2702	2702
473	473
903	903
3813	3813
1147	1147
1330	1330
3230	3230
2828	2828
1418	1418
274	274
347	347
535	535
72	72
1885	1885
2523	2523
180	180
2839	2839
1522	1522
594	594
1755	1755
1880	1880
2921	2921
2591	2591
2203	2203
3153	3153
2833	2833
436	436
2272	2272
2759	2759
899	899
494	494
617	617
441	441
2284	2284
927	927
611	611
1724	1724
360	360
2770	2770
132	132
3807	3807
3090	3090
120	120
2823	2823
2823	3713
3713	2823
3713	3713
213	213
3768	3768
1439	1439
2968	2968
291	291
2186	2186
3032	3032
1369	1369
642	642
2890	2890
2728	2728
2052	2052
3682	3682
515	515
540	540
1203	1203
2977	2977
2502	2502
508	508
2109	2109
1132	1132
608	608
2054	2054
128	128
2063	2063
553	553
2217	2217
1155	1155
2805	2805
2032	2032
3042	3042
2163	2163
3368	3368
84	84
2492	2492
1844	1844
3913	3913
2649	2649
1511	1511
992	992
2989	2989
1532	1532
1677	1677
3169	3169
3657	3657
285	285
2913	2913
2140	2140
1568	1568
2628	2628
2248	2248
475	475
1512	1512
2704	2704
3345	3345
2390	2390
1843	1843
2302	2302
2690	2690
2473	2473
574	574
187	187
2183	2183
149	149
2267	2267
3794	3794
2108	2108
3914	3914
2501	2501
2957	2957
3835	3835
1217	1217
2810	2810
3683	3683
403	403
2064	2064
2512	2512
1048	1048
3006	3006
1176	1176
935	935
462	462
2617	2617
603	603
1981	1981
2055	2055
2112	2112
2068	2068
136	136
2718	2718
3570	3570
1001	1001
3290	3290
761	761
819	819
218	218
2489	2489
3680	3680
3279	3279
357	357
456	456
270	270
529	529
584	584
1951	1951
2644	2644
1143	1143
504	504
267	267
2812	2812
3532	3532
1815	1815
1984	1984
511	511
2794	2794
3050	3050
2663	2663
1717	1717
1553	1553
3363	3363
3900	3900
1546	1546
2519	2519
2713	2713
1793	1793
677	677
3354	3354
3582	3582
122	122
1248	1248
1583	1583
1855	1855
2385	2385
566	566
1021	1021
2118	2118
2325	2325
3067	3067
3346	3346
3899	3899
2733	2733
1552	1552
1422	1422
1599	1599
258	258
1639	1639
3390	3390
2394	2394
3544	3544
2558	2558
2708	2708
3104	3104
2688	2688
1400	1400
855	855
1650	1650
3383	3383
196	196
820	820
1249	1249
1497	1497
2318	2318
2768	2768
3679	3679
3571	3571
1851	1851
215	215
374	374
2350	2350
784	784
762	762
1971	1971
1805	1805
3890	3890
455	455
2613	2613
190	190
2592	2592
2588	2588
343	343
1211	1211
2874	2874
249	249
3095	3095
3868	3868
2887	2887
2402	2402
294	294
418	418
889	889
1091	1091
959	959
1223	1223
1188	1188
1224	1224
791	791
2580	2580
2605	2605
1149	1149
3564	3564
1068	1068
1807	1807
1807	3821
3821	1807
3821	3821
2187	2187
2919	2919
2420	2420
1859	1859
1084	1084
2019	2019
3142	3142
2037	2037
1725	1725
2524	2524
1883	1883
3787	3787
3200	3200
1785	1785
1128	1128
1128	2964
2964	1128
2964	2964
913	913
1482	1482
3575	3575
1359	1359
2760	2760
1704	1704
3139	3139
3809	3809
1375	1375
2455	2455
1102	1102
1173	1173
556	556
168	168
2022	2022
775	775
1360	1360
2333	2333
3340	3340
2824	2824
2824	3714
3714	2824
3714	3714
336	336
3641	3641
3594	3594
2212	2212
795	795
555	555
1376	1376
1668	1668
1683	1683
1848	1848
3030	3030
1174	1174
2860	2860
3628	3628
2345	2345
3312	3312
2603	2603
3907	3907
1119	1119
3187	3187
3829	3829
3873	3873
3483	3483
361	361
1226	1226
2288	2288
3330	3330
1380	1380
1920	1920
2569	2569
1743	1743
3080	3080
693	693
133	133
704	704
717	717
479	479
3085	3085
2424	2424
1288	1288
244	244
302	302
1624	1624
3725	3725
1154	1154
3473	3473
254	254
2829	2829
2207	2207
612	612
466	466
77	77
442	442
928	928
521	521
618	618
2574	2574
1901	1901
652	652
537	537
3249	3249
353	353
3800	3800
432	432
448	448
1518	1518
1445	1445
423	423
2570	2570
3885	3885
1235	1235
833	833
3231	3231
3540	3540
399	399
3723	3723
2834	2834
389	389
2060	2060
2585	2585
643	643
1008	1008
1333	1333
275	275
1167	1167
1338	1338
644	644
1405	1405
2401	2401
1427	1427
818	818
1420	1420
2553	2553
2107	2107
912	912
2738	2738
2445	2445
911	911
2841	2841
602	602
214	214
2444	2444
904	904
1148	1148
1739	1739
1881	1881
999	999
390	390
400	400
3562	3562
1886	1886
471	471
1271	1271
67	67
501	501
8	8
869	869
2568	2568
73	73
694	694
859	859
3035	3035
915	915
2451	2451
1201	1201
362	362
2116	2116
3896	3896
3648	3648
2321	2321
2848	2848
396	396
1245	1245
3045	3045
1447	1447
519	519
106	106
320	320
262	262
715	715
2457	2457
334	334
3527	3527
735	735
1502	1502
2999	2999
2430	2430
3164	3164
1460	1460
790	790
628	628
2024	2024
2089	2089
3491	3491
78	78
2044	2044
2508	2508
2300	2300
193	193
1768	1768
2160	2160
2259	2259
1061	1061
1670	1670
2452	2452
2670	2670
1714	1714
1821	1821
3209	3209
1618	1618
305	305
3783	3783
3754	3754
2208	2208
3057	3057
202	202
3305	3305
2589	2589
177	177
344	344
729	729
1289	1289
1304	1304
245	245
1317	1317
2922	2922
232	232
206	206
1433	1433
2786	2786
11	11
758	758
383	383
1052	1052
2635	2635
3676	3676
1728	1728
170	170
425	425
1750	1750
3452	3452
705	705
87	87
1027	1027
1040	1040
1434	1434
480	480
1993	1993
158	158
1032	1032
2885	2885
2353	2353
345	345
730	730
178	178
289	289
1835	1835
2073	2073
723	723
2086	2086
3233	3233
1763	1763
561	561
3376	3376
974	974
3306	3306
1341	1341
1227	1227
2289	2289
1706	1706
3130	3130
414	414
3342	3342
3816	3816
467	467
891	891
1112	1112
2685	2685
2779	2779
2969	2969
613	613
673	673
484	484
1298	1298
1345	1345
1782	1782
1063	1063
3515	3515
3919	3919
443	443
1914	1914
2607	2607
961	961
871	871
2995	2995
3010	3010
3803	3803
2370	2370
3726	3726
3717	3717
1889	1889
1299	1299
2229	2229
1231	1231
3014	3014
1274	1274
1508	1508
1759	1759
2147	2147
1256	1256
960	960
3815	3815
1189	1189
3087	3087
1342	1342
3742	3742
3591	3591
3474	3474
1079	1079
3636	3636
208	208
1529	1529
1028	1028
1416	1416
3551	3551
838	838
2654	2654
421	421
2154	2154
350	350
2193	2193
684	684
1537	1537
438	438
2748	2748
3478	3478
141	141
2095	2095
3510	3510
338	338
631	631
1076	1076
3691	3691
2571	2571
2762	2762
1103	1103
965	965
3501	3501
2279	2279
97	97
834	834
3465	3465
953	953
964	964
710	710
653	653
661	661
668	668
2749	2749
771	771
632	632
89	89
3098	3098
296	296
920	920
2530	2530
98	98
2632	2632
853	853
3762	3762
901	901
3176	3176
354	354
3093	3093
1086	1086
3078	3078
3371	3371
3748	3748
2017	2017
1029	1029
1902	1902
683	683
1578	1578
2344	2344
1361	1361
2573	2573
2808	2808
1141	1141
2626	2626
531	531
1153	1153
3623	3623
3022	3022
300	300
3560	3560
1379	1379
1517	1517
3472	3472
3866	3866
1340	1340
2035	2035
2863	2863
3635	3635
2567	2567
2189	2189
3053	3053
3624	3624
1291	1291
299	299
940	940
3023	3023
770	770
2862	2862
3109	3109
2034	2034
3295	3295
2010	2010
2666	2666
2936	2936
2132	2132
3021	3021
1738	1738
868	868
3538	3538
1992	1992
2562	2562
2434	2434
3722	3722
3910	3910
3254	3254
981	981
3183	3183
562	562
2739	2739
2254	2254
2675	2675
3019	3019
2125	2125
1596	1596
1550	1550
2744	2744
3697	3697
2330	2330
3751	3751
3903	3903
3621	3621
1210	1210
1838	1838
2496	2496
3213	3213
2446	2446
1614	1614
2895	2895
3174	3174
1092	1092
3620	3620
1428	1428
2842	2842
1364	1364
1293	1293
1882	1882
2747	2747
626	626
1374	1374
1406	1406
1243	1243
3752	3752
3141	3141
74	74
1172	1172
2606	2606
3212	3212
3894	3894
1334	1334
371	371
1328	1328
113	113
3029	3029
1168	1168
2602	2602
2211	2211
3253	3253
563	563
3199	3199
1490	1490
2105	2105
768	768
3018	3018
2745	2745
1784	1784
1990	1990
3144	3144
3586	3586
680	680
1216	1216
3553	3553
2976	2976
115	115
1589	1589
3160	3160
102	102
3912	3912
313	313
1980	1980
1983	1983
236	236
3458	3458
3504	3504
2216	2216
1472	1472
2247	2247
807	807
3272	3272
1020	1020
3505	3505
2754	2754
3569	3569
2515	2515
2836	2836
3145	3145
645	645
1306	1306
1306	1870
1870	1306
1870	1870
1264	1264
2773	2773
2101	2101
1598	1598
1357	1357
1825	1825
238	238
1556	1556
9	9
226	226
376	376
1809	1809
1948	1948
3136	3136
250	250
1442	1442
2918	2918
564	564
3535	3535
2341	2341
3302	3302
2587	2587
1009	1009
3524	3524
1682	1682
870	870
2819	2819
2356	2356
572	572
3519	3519
882	882
1124	1124
2641	2641
1661	1661
3004	3004
3523	3523
391	391
284	284
565	565
2340	2340
373	373
247	247
222	222
408	408
472	472
1875	1875
68	68
544	544
377	377
1099	1099
1740	1740
3152	3152
1521	1521
2166	2166
732	732
3823	3823
3906	3906
816	816
586	586
1720	1720
458	458
493	493
3872	3872
1146	1146
3563	3563
845	845
845	1937
1937	845
1937	1937
2169	2169
2621	2621
3202	3202
3566	3566
2677	2677
2440	2440
783	783
1540	1540
312	312
114	114
2359	2359
877	877
2246	2246
1263	1263
1169	1169
898	898
3869	3869
1702	1702
2145	2145
2202	2202
2522	2522
3301	3301
3534	3534
3827	3827
991	991
2963	2963
3223	3223
3769	3769
1212	1212
1127	1127
2139	2139
2389	2389
1329	1329
2031	2031
3812	3812
2127	2127
435	435
552	552
2051	2051
3135	3135
1555	1555
1660	1660
1824	1824
3242	3242
2271	2271
1225	1225
2287	2287
2287	3712
3712	2287
3712	3712
2308	2308
3216	3216
1367	1367
1787	1787
3699	3699
3871	3871
1545	1545
1541	1541
2717	2717
2419	2419
2579	2579
1152	1152
3559	3559
1737	1737
3248	3248
164	164
419	419
1858	1858
3339	3339
2417	2417
2572	2572
76	76
162	162
2059	2059
3782	3782
2021	2021
774	774
2256	2256
2561	2561
1847	1847
3634	3634
2566	2566
2935	2935
600	600
2188	2188
1491	1491
1900	1900
2020	2020
2743	2743
3028	3028
1780	1780
2253	2253
601	601
1695	1695
234	234
2104	2104
66	66
1549	1549
161	161
773	773
2041	2041
625	625
1404	1404
1528	1528
3495	3495
1323	1323
3880	3880
596	596
2242	2242
1643	1643
1429	1429
2800	2800
1628	1628
3843	3843
3597	3597
1297	1297
3341	3341
94	94
1259	1259
3117	3117
1696	1696
3185	3185
1273	1273
199	199
1888	1888
3191	3191
1035	1035
2314	2314
2546	2546
3500	3500
2412	2412
1656	1656
3221	3221
3477	3477
143	143
1635	1635
1697	1697
2581	2581
337	337
2631	2631
3690	3690
837	837
3480	3480
2278	2278
1294	1294
3077	3077
2076	2076
3494	3494
3747	3747
1733	1733
2153	2153
2016	2016
963	963
1975	1975
3359	3359
1260	1260
1577	1577
3175	3175
1996	1996
2966	2966
1860	1860
797	797
2296	2296
261	261
319	319
451	451
1868	1868
949	949
1995	1995
1244	1244
3456	3456
2847	2847
1411	1411
3034	3034
1432	1432
1407	1407
2682	2682
173	173
1060	1060
1457	1457
810	810
1130	1130
304	304
725	725
1484	1484
1932	1932
3675	3675
2905	2905
3256	3256
1727	1727
1131	1131
811	811
3304	3304
933	933
956	956
340	340
560	560
2967	2967
798	798
2449	2449
1412	1412
1749	1749
146	146
1311	1311
1471	1471
3215	3215
728	728
2716	2716
2845	2845
2336	2336
3503	3503
2784	2784
990	990
1120	1120
2307	2307
2975	2975
3678	3678
559	559
760	760
2294	2294
2201	2201
713	713
897	897
1356	1356
2498	2498
2137	2137
2761	2761
1731	1731
836	836
3338	3338
3374	3374
3842	3842
2252	2252
2525	2525
3358	3358
3247	3247
1117	1117
3741	3741
1732	1732
2858	2858
2799	2799
1085	1085
93	93
1337	1337
2058	2058
2335	2335
3622	3622
1730	1730
2821	2821
789	789
2388	2388
3584	3584
2215	2215
1365	1365
2334	2334
2136	2136
1617	1617
2293	2293
3357	3357
2715	2715
1336	1336
1116	1116
2029	2029
2200	2200
2306	2306
2251	2251
1024	1024
1586	1586
2844	2844
3810	3810
558	558
2857	2857
557	557
727	727
2214	2214
1729	1729
1685	1685
1705	1705
2652	2652
3190	3190
3596	3596
1840	1840
1616	1616
1025	1025
2199	2199
2940	2940
1366	1366
1587	1587
2843	2843
2447	2447
3619	3619
2023	2023
1767	1767
2258	2258
2499	2499
1669	1669
3490	3490
2904	2904
3746	3746
2015	2015
1642	1642
3314	3314
2788	2788
1841	1841
1849	1849
858	858
714	714
1377	1377
3009	3009
1026	1026
1121	1121
1111	1111
757	757
918	918
2785	2785
3616	3616
382	382
2448	2448
776	776
1255	1255
1410	1410
2038	2038
1994	1994
2085	2085
3576	3576
1070	1070
2138	2138
2740	2740
983	983
796	796
3375	3375
3129	3129
1129	1129
1129	2965
2965	1129
2965	2965
2295	2295
3789	3789
2653	2653
919	919
2257	2257
2846	2846
172	172
1726	1726
1042	1042
385	385
1536	1536
140	140
3451	3451
1748	1748
2131	2131
814	814
3806	3806
2130	2130
3811	3811
3300	3300
967	967
2204	2204
1489	1489
1544	1544
2873	2873
2865	2865
2604	2604
1118	1118
2495	2495
679	679
2859	2859
2332	2332
1613	1613
2772	2772
2439	2439
2050	2050
2894	2894
1595	1595
2030	2030
2866	2866
1175	1175
2255	2255
2893	2893
806	806
1588	1588
3278	3278
3585	3585
3905	3905
2822	2822
815	815
1779	1779
1899	1899
2205	2205
3140	3140
3031	3031
2818	2818
