1 0.0771311538782
2 0.14792487828
3 0.17767988253
4 0.234794033547
5 0.271118324455
6 0.303578329092
7 0.334724476398
8 0.371126053009
9 0.403199629047
10 0.428549346954
11 0.466419352392
12 0.494319499235
13 0.538913362748
14 0.562021794621
15 0.58551665512
16 0.614344230667
17 0.63760723399
18 0.663034237595
19 0.667053095339
20 0.690084241464
21 0.708787386993
22 0.724785532135
23 0.733596104822
24 0.752994821879
25 0.756086250892
26 0.769533967099
27 0.78390911201
28 0.784991112165
29 0.797047685316
30 0.806399258057
31 0.813973259139
32 0.825643403686
33 0.827961975446
34 0.839863977123
35 0.84025040575
36 0.850915835845
37 0.852384264626
38 0.863745266249
39 0.865831980833
40 0.870700981529
41 0.876420125203
42 0.881289125898
43 0.883530411933
44 0.884148697736
45 0.889094984179
46 0.892031841719
47 0.898910271273
48 0.901847128835
49 0.899760414251
50 0.905634129399
51 0.909730272819
52 0.910193987194
53 0.913285416184
54 0.91467655924
55 0.916763273823
56 0.916840559549
57 0.916917845297
58 0.92178684597
59 0.922714274673
60 0.920936702991
61 0.925341989335
62 0.927274132468
63 0.926887703841
64 0.92789241827
65 0.930442847206
66 0.931292990185
67 0.933302419043
68 0.933225133318
69 0.933456990494
70 0.935234562176
71 0.936316562331
72 0.936857562408
73 0.937243991035
74 0.938944276992
75 0.939021562717
76 0.941726563104
77 0.941571991653
78 0.940876420125
79 0.942808563258
80 0.942963134709
81 0.944740706392
82 0.944508849216
83 0.94443156349
84 0.944895277842
85 0.943967849138
86 0.946209135173
87 0.947600278229
88 0.947600278229
89 0.948063992581
90 0.948527706933
91 0.949377849911
92 0.948914135559
93 0.949686992812
94 0.949532421362
95 0.950150707164
96 0.951232707319
97 0.951928278847
98 0.949996135714
99 0.952469278924
100 0.952314707474
101 0.952469278924
102 0.953937707705
103 0.953010279001
104 0.954555993508
105 0.954092279156
106 0.954942422135
107 0.953937707705
108 0.954633279233
109 0.95501970786
110 0.955637993663
111 0.955174279311
112 0.956024422289
113 0.957183708169
114 0.955947136564
115 0.956488136641
116 0.9584975655
117 0.958420279774
118 0.958574851225
119 0.9584975655
120 0.956797279542
121 0.959579565654
122 0.959502279929
123 0.959579565654
124 0.960120565732
125 0.959888708556
126 0.960661565809
127 0.960352422907
128 0.959888708556
129 0.960816137259
130 0.960584280083
131 0.961279851611
132 0.961820851689
133 0.961588994513
134 0.961975423139
135 0.96212999459
136 0.962825566118
137 0.962207280315
138 0.962902851843
139 0.962516423217
140 0.963675709097
141 0.962980137569
142 0.963057423294
143 0.964062137723
144 0.962748280393
145 0.963134709019
146 0.964371280624
147 0.964525852075
148 0.964680423526
149 0.964525852075
150 0.963907566273
151 0.964680423526
152 0.964216709174
153 0.964757709251
154 0.965375995054
155 0.96560785223
156 0.964912280702
157 0.964989566427
158 0.966071566582
159 0.966148852307
160 0.965839709406
161 0.966689852384
162 0.966303423758
163 0.965994280856
164 0.966380709483
165 0.966998995286
166 0.966457995208
167 0.966457995208
168 0.965994280856
169 0.966303423758
170 0.966535280934
171 0.967076281011
172 0.96692170956
173 0.967694566814
174 0.967539995363
175 0.965839709406
176 0.967617281088
177 0.967153566736
178 0.967771852539
179 0.967462709638
180 0.967385423912
181 0.967771852539
182 0.967926423989
183 0.968003709715
184 0.968235566891
185 0.967926423989
186 0.968158281165
187 0.968467424067
188 0.968621995517
189 0.968158281165
190 0.968390138341
191 0.969085709869
192 0.967771852539
193 0.968621995517
194 0.968235566891
195 0.968467424067
196 0.969085709869
197 0.969394852771
198 0.968544709792
199 0.969626709947
200 0.968931138419
201 0.969549424221
202 0.968931138419
203 0.969626709947
204 0.96924028132
205 0.969162995595
206 0.969472138496
207 0.969008424144
208 0.969781281397
209 0.969781281397
210 0.969781281397
211 0.9703995672
212 0.969626709947
213 0.970244995749
214 0.969858567123
215 0.970554138651
216 0.970090424299
217 0.969781281397
218 0.970554138651
219 0.969935852848
220 0.969781281397
221 0.970167710024
222 0.970244995749
223 0.971095138728
224 0.969394852771
225 0.970631424376
226 0.970476852925
227 0.970863281552
228 0.970708710101
229 0.970863281552
230 0.971172424453
231 0.971326995904
232 0.971017853003
233 0.970863281552
234 0.971249710179
235 0.971095138728
236 0.971095138728
237 0.971326995904
238 0.971481567355
239 0.971636138805
240 0.971636138805
241 0.971790710256
242 0.97171342453
243 0.971636138805
244 0.972099853157
245 0.972022567432
246 0.972022567432
247 0.971636138805
248 0.971945281706
249 0.971945281706
250 0.972177138882
251 0.972486281784
252 0.972177138882
253 0.972177138882
254 0.972486281784
255 0.972099853157
256 0.972949996136
257 0.972563567509
258 0.972563567509
259 0.972563567509
260 0.972563567509
261 0.972563567509
262 0.97287271041
263 0.972949996136
264 0.973104567586
265 0.973259139037
266 0.973490996213
267 0.973336424762
268 0.973259139037
269 0.973259139037
270 0.973336424762
271 0.972949996136
272 0.973490996213
273 0.973568281938
274 0.973722853389
275 0.973490996213
276 0.972099853157
277 0.973259139037
278 0.973490996213
279 0.973336424762
280 0.973490996213
281 0.973568281938
282 0.973954710565
283 0.973800139114
284 0.973645567664
285 0.97403199629
286 0.973645567664
287 0.97387742484
288 0.973645567664
289 0.973568281938
290 0.97403199629
291 0.97403199629
292 0.973954710565
293 0.973722853389
294 0.973722853389
295 0.973800139114
296 0.973954710565
297 0.973800139114
298 0.974418424917
299 0.974186567741
300 0.97403199629
