1 0.0826184403741
2 0.134863590695
3 0.170878738697
4 0.221655460239
5 0.242213463178
6 0.284797897833
7 0.320967617288
8 0.371589767375
9 0.404513486364
10 0.435814205121
11 0.470901924421
12 0.506994358149
13 0.545096220735
14 0.585130226454
15 0.622613803242
16 0.6368343767
17 0.670685524374
18 0.688847669826
19 0.707705386806
20 0.729809104249
21 0.738155962584
22 0.755313393607
23 0.770384110073
24 0.767833681138
25 0.78746425537
26 0.799984542901
27 0.816291830945
28 0.821779117443
29 0.833294690517
30 0.840945977324
31 0.846819692449
32 0.848442692681
33 0.857021408192
34 0.864981837901
35 0.872246696081
36 0.874951696468
37 0.882216554648
38 0.884921555035
39 0.888708555576
40 0.894273127799
41 0.897209985362
42 0.900301414375
43 0.89906484277
44 0.904552129268
45 0.908261844083
46 0.910116701491
47 0.912357987526
48 0.91343998768
49 0.917922559749
50 0.918308988353
51 0.92055027441
52 0.922636988994
53 0.923023417621
54 0.923718989149
55 0.926578560963
56 0.926192132336
57 0.929360847075
58 0.931524847384
59 0.931602133109
60 0.933534276219
61 0.935930133727
62 0.935389133627
63 0.938557848388
64 0.937553133936
65 0.938325991189
66 0.939794419971
67 0.942576706082
68 0.94311770616
69 0.942653991808
70 0.942499420357
71 0.942885849007
72 0.945049849293
73 0.945049849293
74 0.946518278074
75 0.94790942113
76 0.94790942113
77 0.94906870701
78 0.948373135482
79 0.950691707242
80 0.950768992967
81 0.950768992967
82 0.951696421671
83 0.952314707474
84 0.952778421825
85 0.953473993353
86 0.953473993353
87 0.954478707783
88 0.954324136332
89 0.954324136332
90 0.955869850839
91 0.95617899374
92 0.955947136564
93 0.957183708169
94 0.957183708169
95 0.957029136718
96 0.958111136873
97 0.958033851148
98 0.958033851148
99 0.959115851302
100 0.959579565654
101 0.959579565654
102 0.959115851302
103 0.959965994281
104 0.960197851457
105 0.960816137259
106 0.960043280006
107 0.959579565654
108 0.961511708787
109 0.961975423139
110 0.962361851766
111 0.962361851766
112 0.962052708865
113 0.962670994667
114 0.962439137491
115 0.963598423371
116 0.963134709019
117 0.963830280547
118 0.963521137646
119 0.963752994822
120 0.963907566273
121 0.964680423526
122 0.964293994899
123 0.964525852075
124 0.965298709328
125 0.965066852152
126 0.965530566504
127 0.966148852307
128 0.96560785223
129 0.96576242368
130 0.965298709328
131 0.965066852152
132 0.965839709406
133 0.966303423758
134 0.966612566659
135 0.966071566582
136 0.966612566659
137 0.967694566814
138 0.96692170956
139 0.966998995286
140 0.966689852384
141 0.967462709638
142 0.967694566814
143 0.967153566736
144 0.967308138187
145 0.967230852462
146 0.967539995363
147 0.968390138341
148 0.968699281243
149 0.968158281165
150 0.967771852539
151 0.968158281165
152 0.967849138264
153 0.968931138419
154 0.968776566968
155 0.968544709792
156 0.968467424067
157 0.969008424144
158 0.968544709792
159 0.969703995672
160 0.969394852771
161 0.96924028132
162 0.968699281243
163 0.969626709947
164 0.969549424221
165 0.970167710024
166 0.970244995749
167 0.970090424299
168 0.969626709947
169 0.970013138573
170 0.970090424299
171 0.9703995672
172 0.970940567277
173 0.970631424376
174 0.970631424376
175 0.969781281397
176 0.970631424376
177 0.970244995749
178 0.971481567355
179 0.971249710179
180 0.971172424453
181 0.971636138805
182 0.971945281706
183 0.971790710256
184 0.971326995904
185 0.971790710256
186 0.97155885308
187 0.972177138882
188 0.972099853157
189 0.97155885308
190 0.97155885308
191 0.972099853157
192 0.97155885308
193 0.972022567432
194 0.971945281706
195 0.972331710333
196 0.972254424608
197 0.972640853234
198 0.972408996058
199 0.972331710333
200 0.972563567509
201 0.97287271041
202 0.97287271041
203 0.971945281706
204 0.973336424762
205 0.973181853312
206 0.972177138882
207 0.973336424762
208 0.973027281861
209 0.973413710488
210 0.973413710488
211 0.973722853389
212 0.973104567586
213 0.973259139037
214 0.973800139114
215 0.97287271041
216 0.973490996213
217 0.974263853466
218 0.97387742484
219 0.973645567664
220 0.973722853389
221 0.973954710565
222 0.973954710565
223 0.973800139114
224 0.97387742484
225 0.974882139269
226 0.974495710642
227 0.974882139269
228 0.974572996368
229 0.974186567741
230 0.974882139269
231 0.974186567741
232 0.974804853544
233 0.974418424917
234 0.974186567741
235 0.974418424917
236 0.974959424994
237 0.974882139269
238 0.975268567896
239 0.974882139269
240 0.974495710642
241 0.975268567896
242 0.975345853621
243 0.974804853544
244 0.974882139269
245 0.975345853621
246 0.975654996522
247 0.975268567896
248 0.975654996522
249 0.975577710797
250 0.975423139346
251 0.975345853621
252 0.975423139346
253 0.976195996599
254 0.975500425071
255 0.975577710797
256 0.975500425071
257 0.976041425149
258 0.975886853698
259 0.975732282247
260 0.975500425071
261 0.975500425071
262 0.975345853621
263 0.975423139346
264 0.976195996599
265 0.976273282325
266 0.976195996599
267 0.976273282325
268 0.976195996599
269 0.976195996599
270 0.976273282325
271 0.976814282402
272 0.976659710951
273 0.976041425149
274 0.975964139423
275 0.976505139501
276 0.976736996677
277 0.976195996599
278 0.976505139501
279 0.977123425303
280 0.976118710874
281 0.977046139578
282 0.976891568127
283 0.976736996677
284 0.977200711029
285 0.976582425226
286 0.976968853853
287 0.977046139578
288 0.977123425303
289 0.976891568127
290 0.977200711029
291 0.976891568127
292 0.977818996831
293 0.977432568205
294 0.97750985393
295 0.977973568282
296 0.977355282479
297 0.977741711106
298 0.977973568282
299 0.977355282479
300 0.977818996831
