1 0.0745807249401
2 0.126130303733
3 0.179612025661
4 0.218409459777
5 0.259370894198
6 0.293376613346
7 0.331787618836
8 0.360692480108
9 0.383337197631
10 0.423525774801
11 0.454981065009
12 0.491305355915
13 0.521060360165
14 0.562408223215
15 0.587912512573
16 0.61882680268
17 0.646649663798
18 0.666357523756
19 0.679264239886
20 0.698662956943
21 0.717907102577
22 0.731277533058
23 0.748512249806
24 0.759950537154
25 0.772393538932
26 0.779503825662
27 0.795656542255
28 0.804467114942
29 0.805858257998
30 0.81922868848
31 0.826261689484
32 0.834840404996
33 0.837468119657
34 0.848365406928
35 0.855707550834
36 0.856171265186
37 0.863281551916
38 0.866759409555
39 0.870082695772
40 0.878893268459
41 0.881211840219
42 0.887935698323
43 0.88809026975
44 0.893036556171
45 0.897364556789
46 0.902929129036
47 0.905170415047
48 0.908570986939
49 0.910116701468
50 0.913439987634
51 0.913362701909
52 0.915449416493
53 0.91830898833
54 0.918463559781
55 0.919777417111
56 0.920704845815
57 0.923873560553
58 0.925882989412
59 0.928356132622
60 0.926114846588
61 0.927274132491
62 0.931061133009
63 0.930751990107
64 0.932220418889
65 0.934538990648
66 0.934925419275
67 0.935620990803
68 0.935002705
69 0.936625705232
70 0.936934848134
71 0.940567277224
72 0.939330705619
73 0.940103562872
74 0.940644562949
75 0.94211299173
76 0.94211299173
77 0.943658706237
78 0.943890563413
79 0.942963134709
80 0.945436277919
81 0.944972563568
82 0.945049849293
83 0.947291135327
84 0.94790942113
85 0.947291135327
86 0.947600278229
87 0.949455135636
88 0.948991421284
89 0.950614421516
90 0.950305278615
91 0.95138727877
92 0.950923564418
93 0.951928278847
94 0.952623850375
95 0.952778421825
96 0.954092279156
97 0.95254656465
98 0.952391993199
99 0.954401422057
100 0.955174279311
101 0.954865136409
102 0.954865136409
103 0.955251565036
104 0.954942422135
105 0.956256279465
106 0.955096993585
107 0.95617899374
108 0.956719993817
109 0.956874565268
110 0.956874565268
111 0.957724708246
112 0.958265708324
113 0.956410850916
114 0.958729422676
115 0.957724708246
116 0.959038565577
117 0.959424994204
118 0.95981142283
119 0.959888708556
120 0.958729422676
121 0.958729422676
122 0.959270422753
123 0.959270422753
124 0.959734137105
125 0.959888708556
126 0.960352422907
127 0.961202565886
128 0.961898137414
129 0.961666280238
130 0.961125280161
131 0.961511708787
132 0.961898137414
133 0.960429708633
134 0.962439137491
135 0.962825566118
136 0.962593708942
137 0.962207280315
138 0.963057423294
139 0.963598423371
140 0.96328928047
141 0.962902851843
142 0.963830280547
143 0.963521137646
144 0.964216709174
145 0.963521137646
146 0.964293994899
147 0.9646031378
148 0.964525852075
149 0.966226138032
150 0.96576242368
151 0.965530566504
152 0.964371280624
153 0.96576242368
154 0.966303423758
155 0.966303423758
156 0.965375995054
157 0.965839709406
158 0.965994280856
159 0.96692170956
160 0.967385423912
161 0.967076281011
162 0.96692170956
163 0.966998995286
164 0.967462709638
165 0.967462709638
166 0.966844423835
167 0.96808099544
168 0.967539995363
169 0.968235566891
170 0.967308138187
171 0.967462709638
172 0.967076281011
173 0.967539995363
174 0.967694566814
175 0.967771852539
176 0.967926423989
177 0.968003709715
178 0.96808099544
179 0.968699281243
180 0.967771852539
181 0.96808099544
182 0.968158281165
183 0.969162995595
184 0.968158281165
185 0.968931138419
186 0.969162995595
187 0.967849138264
188 0.968853852693
189 0.968544709792
190 0.968312852616
191 0.968853852693
192 0.969394852771
193 0.968931138419
194 0.969162995595
195 0.969703995672
196 0.969008424144
197 0.968931138419
198 0.969472138496
199 0.970322281475
200 0.968853852693
201 0.969781281397
202 0.969317567045
203 0.969549424221
204 0.969858567123
205 0.969703995672
206 0.969935852848
207 0.970090424299
208 0.969935852848
209 0.970090424299
210 0.969858567123
211 0.969858567123
212 0.969703995672
213 0.970322281475
214 0.970785995827
215 0.970244995749
216 0.9703995672
217 0.970244995749
218 0.970554138651
219 0.970554138651
220 0.971095138728
221 0.970631424376
222 0.9703995672
223 0.970785995827
224 0.971017853003
225 0.971017853003
226 0.971249710179
227 0.970708710101
228 0.971017853003
229 0.971017853003
230 0.971326995904
231 0.971326995904
232 0.970940567277
233 0.970708710101
234 0.971172424453
235 0.971481567355
236 0.971404281629
237 0.971636138805
238 0.971636138805
239 0.971404281629
240 0.971636138805
241 0.972099853157
242 0.972177138882
243 0.971481567355
244 0.972177138882
245 0.972022567432
246 0.971945281706
247 0.97171342453
248 0.972022567432
249 0.972408996058
250 0.971945281706
251 0.972022567432
252 0.972177138882
253 0.972486281784
254 0.971790710256
255 0.972640853234
256 0.972331710333
257 0.972022567432
258 0.97155885308
259 0.972795424685
260 0.972640853234
261 0.972640853234
262 0.972563567509
263 0.972408996058
264 0.972795424685
265 0.97271813896
266 0.972563567509
267 0.972640853234
268 0.972408996058
269 0.973413710488
270 0.973181853312
271 0.972949996136
272 0.972795424685
273 0.973259139037
274 0.973336424762
275 0.973259139037
276 0.972408996058
277 0.973336424762
278 0.972949996136
279 0.973104567586
280 0.973413710488
281 0.973336424762
282 0.973104567586
283 0.973413710488
284 0.973490996213
285 0.973181853312
286 0.973645567664
287 0.973259139037
288 0.97387742484
289 0.973413710488
290 0.973336424762
291 0.97387742484
292 0.973568281938
293 0.973568281938
294 0.973490996213
295 0.973568281938
296 0.973568281938
297 0.973722853389
298 0.973413710488
299 0.973954710565
300 0.973490996213
