1 0.101321585905
2 0.103717443388
3 0.197387742486
4 0.226910889563
5 0.269881752845
6 0.312852616126
7 0.346703763822
8 0.380323054341
9 0.405363629347
10 0.429013061299
11 0.474225210615
12 0.50142978593
13 0.538758791265
14 0.564417652073
15 0.592472370367
16 0.626555375234
17 0.653373521901
18 0.669603524243
19 0.677254811027
20 0.708246386883
21 0.712806244698
22 0.730891104431
23 0.746811963849
24 0.74959424996
25 0.77486668217
26 0.785609397963
27 0.797897828317
28 0.793337970495
29 0.811731973151
30 0.823247546224
31 0.826648118111
32 0.834917690749
33 0.826879975287
34 0.847592549702
35 0.854780122158
36 0.859108122776
37 0.861967694613
38 0.866991266759
39 0.87309683906
40 0.87541541082
41 0.879202411361
42 0.881211840219
43 0.880902697318
44 0.887626555421
45 0.888399412675
46 0.894659556426
47 0.895896128031
48 0.899373985671
49 0.902388128959
50 0.904629414993
51 0.906793415302
52 0.90733441538
53 0.909343844238
54 0.911585130273
55 0.914831130736
56 0.916995131045
57 0.918231702651
58 0.919545559981
59 0.919931988608
60 0.922559703269
61 0.923718989149
62 0.924723703555
63 0.925805703733
64 0.927737846866
65 0.928897132746
66 0.929592704274
67 0.931215704505
68 0.930983847329
69 0.931911276033
70 0.930829275856
71 0.934307133495
72 0.936857562454
73 0.936471133828
74 0.937707705433
75 0.937553133982
76 0.938557848388
77 0.938789705564
78 0.939639848543
79 0.940721848721
80 0.941185563073
81 0.940567277247
82 0.94172656315
83 0.943426849084
84 0.94365870626
85 0.945358992217
86 0.944199706337
87 0.944972563591
88 0.94729113535
89 0.94613184947
90 0.94613184947
91 0.947677563977
92 0.948759564132
93 0.949068707033
94 0.950305278638
95 0.949918850011
96 0.949918850011
97 0.950227992913
98 0.951387278793
99 0.950846278715
100 0.952546564673
101 0.952855707574
102 0.952314707497
103 0.953164850475
104 0.952778421849
105 0.950923564441
106 0.953628564827
107 0.953783136278
108 0.953705850552
109 0.954787850707
110 0.955251565059
111 0.95540613651
112 0.95556070796
113 0.955328850784
114 0.955096993608
115 0.955792565136
116 0.956178993763
117 0.955715279411
118 0.956642708115
119 0.956797279566
120 0.957106422467
121 0.95656542239
122 0.957570136819
123 0.958574851248
124 0.959270422776
125 0.958188422621
126 0.958806708424
127 0.959193137051
128 0.960429708656
129 0.959347708501
130 0.959656851403
131 0.960506994381
132 0.960043280029
133 0.959965994304
134 0.960120565755
135 0.959888708579
136 0.960970708733
137 0.960352422931
138 0.961434423085
139 0.960275137205
140 0.96151170881
141 0.961279851634
142 0.961125280184
143 0.962207280338
144 0.961125280184
145 0.961202565909
146 0.961898137437
147 0.961898137437
148 0.962980137592
149 0.962748280416
150 0.963057423317
151 0.963366566218
152 0.96267099469
153 0.964216709197
154 0.963366566218
155 0.96367570912
156 0.964448566373
157 0.964062137746
158 0.964216709197
159 0.963907566296
160 0.96498956645
161 0.964757709274
162 0.965298709351
163 0.965221423626
164 0.964912280725
165 0.965375995077
166 0.964912280725
167 0.965762423703
168 0.965762423703
169 0.965916995154
170 0.966071566605
171 0.965607852253
172 0.965839709429
173 0.96614885233
174 0.965839709429
175 0.966226138032
176 0.966844423858
177 0.966921709583
178 0.965839709406
179 0.966844423835
180 0.966844423858
181 0.96730813821
182 0.966921709583
183 0.966612566682
184 0.96692170956
185 0.966998995286
186 0.96692170956
187 0.966767138133
188 0.967694566837
189 0.967539995363
190 0.96808099544
191 0.967694566837
192 0.967539995386
193 0.967926423989
194 0.968003709715
195 0.967617281088
196 0.96808099544
197 0.968699281243
198 0.968544709792
199 0.968467424067
200 0.968080995463
201 0.96924028132
202 0.969162995595
203 0.968158281165
204 0.968853852716
205 0.968699281243
206 0.968235566914
207 0.968931138419
208 0.96924028132
209 0.969703995672
210 0.968853852693
211 0.969317567045
212 0.969162995595
213 0.969162995595
214 0.969394852771
215 0.969549424221
216 0.969626709947
217 0.969549424221
218 0.969394852771
219 0.969162995595
220 0.969858567123
221 0.970244995749
222 0.970322281475
223 0.969935852848
224 0.970167710024
225 0.970940567277
226 0.970708710101
227 0.970554138651
228 0.970554138651
229 0.969935852848
230 0.971172424453
231 0.970476852925
232 0.971095138728
233 0.970785995827
234 0.970940567277
235 0.970940567277
236 0.970708710101
237 0.971095138728
238 0.971249710179
239 0.970940567277
240 0.970863281552
241 0.97171342453
242 0.971172424453
243 0.971481567355
244 0.971017853003
245 0.970940567277
246 0.97155885308
247 0.971867995981
248 0.97155885308
249 0.971945281706
250 0.971867995981
251 0.971867995981
252 0.97155885308
253 0.971636138805
254 0.971790710256
255 0.971790710256
256 0.972099853157
257 0.970940567277
258 0.972177138882
259 0.971945281706
260 0.971945281706
261 0.972640853234
262 0.970863281552
263 0.970322281475
264 0.972486281784
265 0.972640853234
266 0.97271813896
267 0.972795424685
268 0.971636138805
269 0.972563567509
270 0.972949996136
271 0.972563567509
272 0.97271813896
273 0.972563567509
274 0.973259139037
275 0.973336424762
276 0.973490996213
277 0.973181853312
278 0.97287271041
279 0.973181853312
280 0.973259139037
281 0.973413710488
282 0.973027281861
283 0.973645567664
284 0.973568281938
285 0.97387742484
286 0.973259139037
287 0.973181853312
288 0.972949996136
289 0.973490996213
290 0.973568281938
291 0.973645567664
292 0.973800139114
293 0.973800139114
294 0.97387742484
295 0.973800139114
296 0.97387742484
297 0.97403199629
298 0.973722853389
299 0.97403199629
300 0.97387742484
