1 0.0787541541077
2 0.0869464409923
3 0.142746734685
4 0.157585593945
5 0.214545173516
6 0.249401035638
7 0.291521755939
8 0.333874333418
9 0.37305819616
10 0.414251487762
11 0.448334492631
12 0.483885926281
13 0.523378931925
14 0.553288507626
15 0.583275369053
16 0.603060514737
17 0.631424375909
18 0.650900378691
19 0.66172038026
20 0.68614266944
21 0.704227529166
22 0.70275910044
23 0.729654532799
24 0.73653296238
25 0.764123966349
26 0.766674395285
27 0.774712110696
28 0.786150398045
29 0.800602828681
30 0.805780972277
31 0.816523688098
32 0.825488832213
33 0.831053404459
34 0.832289976064
35 0.843419120488
36 0.847515263931
37 0.853388979056
38 0.858721694103
39 0.863745266249
40 0.868768838396
41 0.871319267331
42 0.875724553675
43 0.878197696885
44 0.882216554602
45 0.888167555453
46 0.880902697272
47 0.895586985084
48 0.898910271273
49 0.899373985625
50 0.900224128603
51 0.903083700441
52 0.908261844037
53 0.909730272819
54 0.910425844347
55 0.914521987789
56 0.916222273746
57 0.916763273823
58 0.916840559549
59 0.920241131463
60 0.918386274055
61 0.922018703146
62 0.924878274983
63 0.922173274596
64 0.925341989335
65 0.928433418348
66 0.929592704228
67 0.930288275755
68 0.928356132622
69 0.932065847438
70 0.93484813355
71 0.936393848056
72 0.93716670531
73 0.938712419816
74 0.93848056264
75 0.939407991344
76 0.939717134245
77 0.940721848675
78 0.942422134632
79 0.943194991885
80 0.943735991962
81 0.94195842028
82 0.944895277842
83 0.944586134941
84 0.94311770616
85 0.946981992426
86 0.947368421053
87 0.94790942113
88 0.948527706933
89 0.948991421284
90 0.949377849911
91 0.949686992812
92 0.949841564263
93 0.951078135868
94 0.949764278538
95 0.95254656465
96 0.951619135946
97 0.947522992503
98 0.952082850298
99 0.952469278924
100 0.952391993199
101 0.952778421825
102 0.953705850529
103 0.9527011361
104 0.952932993276
105 0.954865136409
106 0.954633279233
107 0.955328850761
108 0.955406136487
109 0.955560707937
110 0.955174279311
111 0.956719993817
112 0.956797279542
113 0.95617899374
114 0.95617899374
115 0.957956565422
116 0.958574851225
117 0.958188422598
118 0.955096993585
119 0.957801993972
120 0.959038565577
121 0.95749285107
122 0.959424994204
123 0.958188422598
124 0.959579565654
125 0.957956565422
126 0.95981142283
127 0.960506994358
128 0.959424994204
129 0.960197851457
130 0.960584280083
131 0.960275137182
132 0.959424994204
133 0.961357137337
134 0.961434423062
135 0.96212999459
136 0.961743565963
137 0.962207280315
138 0.961357137337
139 0.961975423139
140 0.962052708865
141 0.962516423217
142 0.962439137491
143 0.962748280393
144 0.962825566118
145 0.963830280547
146 0.963598423371
147 0.963134709019
148 0.964139423448
149 0.9646031378
150 0.9646031378
151 0.964293994899
152 0.964834994976
153 0.964834994976
154 0.965221423603
155 0.963521137646
156 0.962902851843
157 0.96560785223
158 0.96560785223
159 0.966226138032
160 0.966148852307
161 0.966071566582
162 0.965839709406
163 0.965066852152
164 0.966226138032
165 0.966689852384
166 0.967230852462
167 0.965298709328
168 0.96676713811
169 0.966689852384
170 0.966612566659
171 0.966612566659
172 0.967385423912
173 0.967539995363
174 0.965994280856
175 0.96560785223
176 0.967385423912
177 0.967230852462
178 0.964216709174
179 0.967926423989
180 0.968544709792
181 0.968390138341
182 0.968390138341
183 0.968544709792
184 0.968158281165
185 0.968390138341
186 0.969008424144
187 0.967617281088
188 0.969008424144
189 0.968544709792
190 0.969008424144
191 0.968853852693
192 0.969008424144
193 0.969008424144
194 0.969858567123
195 0.969162995595
196 0.968931138419
197 0.969394852771
198 0.969394852771
199 0.969162995595
200 0.969703995672
201 0.968853852693
202 0.968931138419
203 0.969162995595
204 0.969472138496
205 0.970167710024
206 0.970090424299
207 0.970244995749
208 0.970090424299
209 0.969781281397
210 0.970244995749
211 0.970554138651
212 0.970476852925
213 0.970631424376
214 0.970631424376
215 0.971017853003
216 0.971326995904
217 0.969317567045
218 0.970708710101
219 0.971249710179
220 0.971404281629
221 0.967230852462
222 0.970940567277
223 0.971172424453
224 0.971326995904
225 0.972099853157
226 0.971326995904
227 0.971249710179
228 0.967462709638
229 0.971636138805
230 0.971636138805
231 0.971945281706
232 0.971404281629
233 0.972177138882
234 0.972331710333
235 0.971867995981
236 0.972331710333
237 0.971945281706
238 0.971945281706
239 0.971790710256
240 0.972795424685
241 0.972177138882
242 0.972640853234
243 0.972177138882
244 0.97287271041
245 0.972408996058
246 0.972408996058
247 0.97287271041
248 0.972563567509
249 0.973181853312
250 0.97271813896
251 0.973259139037
252 0.973336424762
253 0.973181853312
254 0.973104567586
255 0.973336424762
256 0.97287271041
257 0.973413710488
258 0.972949996136
259 0.972254424608
260 0.973104567586
261 0.973413710488
262 0.973722853389
263 0.973259139037
264 0.97403199629
265 0.970090424299
266 0.972949996136
267 0.973413710488
268 0.973336424762
269 0.973181853312
270 0.973336424762
271 0.973800139114
272 0.973645567664
273 0.973490996213
274 0.97403199629
275 0.973568281938
276 0.973490996213
277 0.973568281938
278 0.973490996213
279 0.973954710565
280 0.97387742484
281 0.973722853389
282 0.97403199629
283 0.97403199629
284 0.97387742484
285 0.973954710565
286 0.974109282016
287 0.973645567664
288 0.974109282016
289 0.973259139037
290 0.974263853466
291 0.971481567355
292 0.974186567741
293 0.973722853389
294 0.973568281938
295 0.974341139192
296 0.974263853466
297 0.973800139114
298 0.974341139192
299 0.974263853466
300 0.974341139192
