1 0.0877192982548
2 0.0939794420017
3 0.163923023429
4 0.202875028994
5 0.238581034092
6 0.269263467049
7 0.299404899927
8 0.337120333886
9 0.365097766449
10 0.397480485361
11 0.413865059135
12 0.449957492863
13 0.489450498504
14 0.517659788251
15 0.552051936021
16 0.578251796907
17 0.608315944059
18 0.634515804922
19 0.651750521692
20 0.677022953874
21 0.69441224205
22 0.71512481646
23 0.718448102626
24 0.737769533981
25 0.753767679123
26 0.76597882373
27 0.769997681419
28 0.781745111669
29 0.797202256734
30 0.807635829681
31 0.813509544778
32 0.825025117879
33 0.829662261371
34 0.837236262508
35 0.839863977169
36 0.850374835814
37 0.854007264904
38 0.859649122853
39 0.859571837128
40 0.865136409351
41 0.871473838828
42 0.870855553025
43 0.872787696159
44 0.880748125867
45 0.884689697859
46 0.886930983893
47 0.891258984512
48 0.893500270546
49 0.892495556117
50 0.897596413988
51 0.897132699636
52 0.901460700255
53 0.904242986366
54 0.904629414993
55 0.907798129732
56 0.908029986907
57 0.911198701646
58 0.911816987448
59 0.913749130582
60 0.916376845243
61 0.916995131045
62 0.915681273715
63 0.919545559981
64 0.92039570296
65 0.92271427472
66 0.923023417621
67 0.924569132127
68 0.926423989535
69 0.925805703733
70 0.927196846788
71 0.927815132591
72 0.92982456145
73 0.929051704196
74 0.92881984702
75 0.932606847561
76 0.930829275879
77 0.934307133519
78 0.933688847716
79 0.936316562377
80 0.936316562377
81 0.934229847793
82 0.937398562532
83 0.938325991235
84 0.937862276884
85 0.936548419553
86 0.939253419939
87 0.941340134523
88 0.941108277347
89 0.941108277347
90 0.941340134523
91 0.942267563227
92 0.942731277579
93 0.942344848952
94 0.943735992008
95 0.944895277888
96 0.944586134987
97 0.945049849339
98 0.946054563768
99 0.947136563923
100 0.947600278275
101 0.947522992549
102 0.948218564077
103 0.947909421176
104 0.948682278429
105 0.94999613576
106 0.949686992858
107 0.949068707056
108 0.950227992936
109 0.948914135605
110 0.95015070721
111 0.951232707365
112 0.95130999309
113 0.952391993245
114 0.952160136069
115 0.952391993245
116 0.952855707597
117 0.953473993399
118 0.953860422026
119 0.955174279357
120 0.955251565082
121 0.955174279357
122 0.956024422335
123 0.953551279125
124 0.955869850885
125 0.954169564927
126 0.956101708061
127 0.956488136687
128 0.95726099394
129 0.956642708138
130 0.957338279666
131 0.957415565391
132 0.958342994095
133 0.959193137074
134 0.958806708424
135 0.957801994018
136 0.959811422876
137 0.959579565677
138 0.959502279952
139 0.959734137128
140 0.95440142208
141 0.960506994381
142 0.960738851557
143 0.961047994481
144 0.960816137282
145 0.961975423162
146 0.959502279952
147 0.961434423085
148 0.961743565986
149 0.961666280261
150 0.962052708888
151 0.962207280338
152 0.962361851789
153 0.962825566141
154 0.962748280416
155 0.962129994613
156 0.962825566141
157 0.963443851944
158 0.963752994845
159 0.963443851944
160 0.963907566296
161 0.963752994845
162 0.96383028057
163 0.963907566296
164 0.963907566296
165 0.963289280493
166 0.964139423472
167 0.964525852098
168 0.963907566296
169 0.964912280725
170 0.96498956645
171 0.965221423626
172 0.964680423549
173 0.96498956645
174 0.964371280648
175 0.965221423626
176 0.964680423549
177 0.965066852175
178 0.964448566373
179 0.965066852175
180 0.965916995154
181 0.965375995077
182 0.965685137978
183 0.964834994999
184 0.965994280879
185 0.965916995154
186 0.965453280802
187 0.965066852175
188 0.965994280879
189 0.966535280957
190 0.966689852407
191 0.965916995154
192 0.965685137978
193 0.966226138055
194 0.966535280957
195 0.966921709583
196 0.966457995231
197 0.965994280879
198 0.967076281034
199 0.966998995309
200 0.966998995309
201 0.966689852407
202 0.967385423935
203 0.967771852562
204 0.967076281034
205 0.967076281034
206 0.967385423935
207 0.967462709661
208 0.967076281034
209 0.967539995386
210 0.968003709738
211 0.968080995463
212 0.967849138287
213 0.968080995463
214 0.968390138364
215 0.966998995309
216 0.968158281189
217 0.967849138287
218 0.968544709815
219 0.968003709738
220 0.967771852562
221 0.968235566914
222 0.968776566991
223 0.969162995618
224 0.969240281343
225 0.968699281266
226 0.968312852639
227 0.969317567068
228 0.968853852716
229 0.96862199554
230 0.968312852639
231 0.96862199554
232 0.969240281343
233 0.969240281343
234 0.969317567068
235 0.969472138496
236 0.969858567146
237 0.969549424244
238 0.968003709738
239 0.969703995695
240 0.969935852871
241 0.969008424144
242 0.970090424322
243 0.96962670997
244 0.969085709892
245 0.96962670997
246 0.969935852871
247 0.970399567223
248 0.970167710047
249 0.970090424322
250 0.970013138596
251 0.969703995695
252 0.9709405673
253 0.970090424322
254 0.970631424399
255 0.970167710047
256 0.97078599585
257 0.970863281552
258 0.970399567223
259 0.9709405673
260 0.971404281629
261 0.971249710179
262 0.970785995827
263 0.971404281629
264 0.971326995927
265 0.970940567277
266 0.971095138751
267 0.971326995904
268 0.971172424453
269 0.971713424554
270 0.971095138751
271 0.971481567378
272 0.971790710279
273 0.971326995927
274 0.971636138828
275 0.971636138828
276 0.971404281629
277 0.972099853157
278 0.971790710279
279 0.971867996004
280 0.972408996058
281 0.971404281652
282 0.971790710279
283 0.971945281706
284 0.971713424554
285 0.972254424608
286 0.972022567455
287 0.972331710333
288 0.972640853234
289 0.97271813896
290 0.972408996058
291 0.972254424608
292 0.972408996058
293 0.972640853234
294 0.972563567509
295 0.972563567509
296 0.972331710356
297 0.972640853257
298 0.972563567509
299 0.972486281784
300 0.972563567509
