1 0.0615967230875
2 0.117551588224
3 0.153025736151
4 0.207357601053
5 0.235025890727
6 0.267949609714
7 0.318494474078
8 0.352113764597
9 0.380864054418
10 0.419584202807
11 0.451194064468
12 0.484967926436
13 0.528788932698
14 0.565731509404
15 0.599737228545
16 0.619754231407
17 0.646726949523
18 0.660638380105
19 0.682355668899
20 0.704691243518
21 0.716979673845
22 0.731045675882
23 0.740706391548
24 0.762269108914
25 0.771002395876
26 0.77672153955
27 0.792874256143
28 0.800525542951
29 0.806167400899
30 0.813200401904
31 0.823788546302
32 0.832908261862
33 0.837622691107
34 0.841023263022
35 0.844964835013
36 0.854007264877
37 0.862972409042
38 0.866682123858
39 0.871860267432
40 0.866527552361
41 0.881752840273
42 0.883221269055
43 0.885848983716
44 0.888244841201
45 0.888322126903
46 0.894814127831
47 0.897828271141
48 0.900610557253
49 0.902542700386
50 0.902851843288
51 0.905556843651
52 0.908802844115
53 0.9111987016
54 0.912667130381
55 0.914135559162
56 0.912898987557
57 0.918154416879
58 0.920009274287
59 0.920472988639
60 0.920859417266
61 0.924414560631
62 0.924800989257
63 0.927351418193
64 0.928046989721
65 0.929360847052
66 0.92905170415
67 0.931292990185
68 0.93137027591
69 0.93252956179
70 0.933766133395
71 0.92905170415
72 0.936084705155
73 0.935079990726
74 0.937243991035
75 0.935852847979
76 0.937398562486
77 0.939330705619
78 0.939485277069
79 0.939021562717
80 0.940258134323
81 0.9407991344
82 0.941185563027
83 0.941417420202
84 0.941881134554
85 0.943658706237
86 0.94427699204
87 0.94427699204
88 0.946440992349
89 0.946595563799
90 0.946440992349
91 0.947522992503
92 0.947600278229
93 0.948450421207
94 0.948218564031
95 0.947522992503
96 0.948836849834
97 0.945899992271
98 0.949532421362
99 0.950150707164
100 0.95022799289
101 0.95138727877
102 0.950614421516
103 0.95154185022
104 0.951850993122
105 0.953319421903
106 0.953010279001
107 0.952082850298
108 0.953164850452
109 0.95386042198
110 0.95386042198
111 0.954401422057
112 0.95386042198
113 0.955560707937
114 0.955174279311
115 0.956024422289
116 0.956797279542
117 0.956256279465
118 0.957260993894
119 0.953396707628
120 0.957260993894
121 0.957647422521
122 0.95733827962
123 0.957570136796
124 0.958265708324
125 0.957570136796
126 0.957956565422
127 0.957879279697
128 0.958574851225
129 0.95965685138
130 0.959038565577
131 0.958961279852
132 0.959734137105
133 0.960043280006
134 0.958342994049
135 0.959888708556
136 0.960506994358
137 0.961434423062
138 0.960352422907
139 0.960661565809
140 0.961202565886
141 0.961511708787
142 0.962052708865
143 0.963057423294
144 0.962207280315
145 0.962361851766
146 0.962593708942
147 0.962825566118
148 0.962593708942
149 0.962670994667
150 0.963366566195
151 0.963752994822
152 0.963907566273
153 0.963134709019
154 0.964834994976
155 0.964216709174
156 0.963752994822
157 0.963675709097
158 0.964680423526
159 0.963907566273
160 0.964371280624
161 0.965298709328
162 0.965066852152
163 0.965298709328
164 0.966380709483
165 0.965298709328
166 0.96560785223
167 0.966380709483
168 0.966380709483
169 0.967230852462
170 0.96692170956
171 0.965375995054
172 0.967617281088
173 0.967385423912
174 0.966844423835
175 0.967462709638
176 0.967849138264
177 0.96808099544
178 0.967771852539
179 0.96808099544
180 0.968235566891
181 0.968235566891
182 0.967771852539
183 0.968467424067
184 0.968003709715
185 0.969317567045
186 0.968931138419
187 0.968776566968
188 0.969703995672
189 0.96924028132
190 0.969394852771
191 0.969703995672
192 0.969703995672
193 0.970090424299
194 0.969703995672
195 0.970013138573
196 0.970167710024
197 0.969394852771
198 0.970013138573
199 0.969858567123
200 0.966457995208
201 0.970631424376
202 0.970476852925
203 0.970554138651
204 0.970322281475
205 0.970631424376
206 0.970554138651
207 0.970708710101
208 0.970554138651
209 0.970863281552
210 0.971249710179
211 0.970785995827
212 0.971095138728
213 0.971249710179
214 0.970863281552
215 0.971326995904
216 0.970940567277
217 0.971172424453
218 0.971249710179
219 0.971404281629
220 0.971636138805
221 0.971481567355
222 0.971249710179
223 0.97171342453
224 0.972177138882
225 0.971017853003
226 0.971790710256
227 0.972177138882
228 0.972254424608
229 0.971790710256
230 0.972254424608
231 0.971945281706
232 0.972177138882
233 0.972022567432
234 0.972099853157
235 0.972563567509
236 0.972331710333
237 0.972331710333
238 0.972254424608
239 0.972408996058
240 0.972408996058
241 0.97271813896
242 0.973181853312
243 0.97271813896
244 0.97271813896
245 0.972640853234
246 0.970090424299
247 0.973104567586
248 0.973336424762
249 0.973027281861
250 0.973104567586
251 0.972795424685
252 0.973336424762
253 0.973413710488
254 0.973722853389
255 0.973259139037
256 0.973645567664
257 0.972949996136
258 0.973181853312
259 0.973336424762
260 0.97287271041
261 0.97403199629
262 0.973568281938
263 0.973259139037
264 0.97387742484
265 0.973954710565
266 0.974263853466
267 0.973722853389
268 0.973722853389
269 0.973645567664
270 0.974572996368
271 0.974263853466
272 0.974341139192
273 0.973954710565
274 0.974418424917
275 0.974882139269
276 0.974263853466
277 0.974186567741
278 0.974650282093
279 0.974727567818
280 0.974804853544
281 0.974341139192
282 0.97503671072
283 0.975113996445
284 0.97503671072
285 0.975345853621
286 0.974418424917
287 0.974882139269
288 0.975423139346
289 0.974959424994
290 0.974882139269
291 0.975345853621
292 0.97519128217
293 0.975268567896
294 0.975423139346
295 0.975268567896
296 0.97503671072
297 0.974959424994
298 0.97503671072
299 0.974804853544
300 0.975577710797
