1 0.116315016616
2 0.117474302496
3 0.197233171033
4 0.202334028905
5 0.242213463173
6 0.272354896053
7 0.323363474771
8 0.361001623005
9 0.392534198938
10 0.427699203964
11 0.454130922026
12 0.498338356915
13 0.532885076136
14 0.564417652071
15 0.595641085105
16 0.619986088583
17 0.64518123504
18 0.664966380723
19 0.684133240602
20 0.696962670985
21 0.711878815997
22 0.726794960985
23 0.74418424916
24 0.755004250706
25 0.76667439523
26 0.774248396312
27 0.788932684124
28 0.796583970931
29 0.807481258202
30 0.815055259284
31 0.826648118083
32 0.829584975646
33 0.833835690539
34 0.846355978042
35 0.85114769304
36 0.855243836482
37 0.857562408242
38 0.864981837845
39 0.874101553462
40 0.874797124962
41 0.881598268818
42 0.884303269205
43 0.889945127153
44 0.892727413265
45 0.893577556244
46 0.896746270982
47 0.899296699918
48 0.903160986184
49 0.90439755779
50 0.905634129395
51 0.910425844337
52 0.910348558667
53 0.916144988067
54 0.916299559517
55 0.918849988453
56 0.920086560058
57 0.921168560213
58 0.923641703423
59 0.925882989458
60 0.926114846634
61 0.926501275261
62 0.929051704196
63 0.930674704428
64 0.931988561759
65 0.933688847716
66 0.934538990694
67 0.934925419321
68 0.936316562377
69 0.935620990849
70 0.936548419553
71 0.938866991313
72 0.939562562841
73 0.940489991545
74 0.940953705897
75 0.941185563073
76 0.942653991854
77 0.942808563304
78 0.943890563459
79 0.944586134987
80 0.945049849339
81 0.946209135219
82 0.947291135373
83 0.946827421021
84 0.947213849648
85 0.94883684988
86 0.949455135683
87 0.949532421408
88 0.951387278816
89 0.951000850189
90 0.951928278893
91 0.951696421717
92 0.952855707597
93 0.953087564773
94 0.953473993399
95 0.953783136301
96 0.95478785073
97 0.954401422103
98 0.954633279279
99 0.955406136533
100 0.955869850885
101 0.955792565159
102 0.956256279511
103 0.956797279589
104 0.957956565468
105 0.957570136842
106 0.957724708292
107 0.958806708447
108 0.95842027982
109 0.959115851325
110 0.958574851271
111 0.959888708602
112 0.9595795657
113 0.960816137306
114 0.961125280207
115 0.961666280284
116 0.961975423162
117 0.961511708787
118 0.96251642324
119 0.962902851866
120 0.963984852021
121 0.963443851944
122 0.962129994613
123 0.964139423472
124 0.963366566218
125 0.965375995077
126 0.965221423626
127 0.965453280802
128 0.964912280725
129 0.96576242368
130 0.964834994999
131 0.965685137978
132 0.966226138055
133 0.966071566605
134 0.966535280957
135 0.966226138032
136 0.966535280934
137 0.966380709506
138 0.966921709583
139 0.966380709506
140 0.967539995363
141 0.967617281111
142 0.968235566891
143 0.967308138187
144 0.968390138364
145 0.967849138287
146 0.968235566914
147 0.968312852616
148 0.966998995309
149 0.969394852794
150 0.968312852616
151 0.969472138496
152 0.968544709815
153 0.969008424167
154 0.969317567045
155 0.969394852794
156 0.969858567123
157 0.969549424221
158 0.969394852771
159 0.969703995672
160 0.970476852925
161 0.970013138573
162 0.969317567068
163 0.970244995772
164 0.970244995749
165 0.970476852925
166 0.971017853003
167 0.970013138596
168 0.9709405673
169 0.968390138364
170 0.970244995749
171 0.970940567277
172 0.970863281552
173 0.971326995904
174 0.971095138728
175 0.970785995827
176 0.970785995827
177 0.971790710256
178 0.971867995981
179 0.971326995904
180 0.972486281784
181 0.970863281552
182 0.971481567355
183 0.972177138882
184 0.972022567432
185 0.972254424608
186 0.971945281706
187 0.972331710333
188 0.971867995981
189 0.972486281784
190 0.971790710256
191 0.97271813896
192 0.97271813896
193 0.972795424685
194 0.972640853234
195 0.972640853234
196 0.973027281861
197 0.972331710333
198 0.973259139037
199 0.972331710333
200 0.973259139037
201 0.973490996213
202 0.972563567509
203 0.973027281861
204 0.973259139037
205 0.973336424762
206 0.973336424762
207 0.973954710565
208 0.973722853389
209 0.974186567741
210 0.973259139037
211 0.973722853389
212 0.973954710565
213 0.97387742484
214 0.974186567741
215 0.97387742484
216 0.97403199629
217 0.97403199629
218 0.974727567818
219 0.973954710565
220 0.974263853466
221 0.974263853466
222 0.974341139192
223 0.974418424917
224 0.974495710642
225 0.974418424917
226 0.974263853466
227 0.974186567741
228 0.974341139192
229 0.974804853544
230 0.974727567818
231 0.974650282093
232 0.974495710642
233 0.974882139269
234 0.974959424994
235 0.975113996445
236 0.974959424994
237 0.975345853621
238 0.975345853621
239 0.974804853544
240 0.975577710797
241 0.975113996445
242 0.974650282093
243 0.97519128217
244 0.975268567896
245 0.975268567896
246 0.975500425071
247 0.975345853621
248 0.975886853698
249 0.975268567896
250 0.975423139346
251 0.975654996522
252 0.975654996522
253 0.975654996522
254 0.975654996522
255 0.975732282247
256 0.975732282247
257 0.975732282247
258 0.97519128217
259 0.975886853698
260 0.976195996599
261 0.975654996522
262 0.975577710797
263 0.975964139423
264 0.976195996599
265 0.976041425149
266 0.975964139423
267 0.976118710874
268 0.976505139501
269 0.976582425226
270 0.976273282325
271 0.975964139423
272 0.975886853698
273 0.976041425149
274 0.976659710951
275 0.976273282325
276 0.976582425226
277 0.976659710951
278 0.976582425226
279 0.976736996677
280 0.976814282402
281 0.976582425226
282 0.976891568127
283 0.976582425226
284 0.976736996677
285 0.976659710951
286 0.977046139578
287 0.977123425303
288 0.977200711029
289 0.976814282402
290 0.976891568127
291 0.976891568127
292 0.977123425303
293 0.977123425303
294 0.977277996754
295 0.977277996754
296 0.977432568205
297 0.977277996754
298 0.977200711029
299 0.977355282479
300 0.977200711029
