1 0.0717211531053
2 0.119561017082
3 0.156271736615
4 0.200324600053
5 0.229615889952
6 0.2651673236
7 0.296545328083
8 0.330241904327
9 0.352191050325
10 0.386660483818
11 0.416724630972
12 0.439369348495
13 0.473297781914
14 0.504598500671
15 0.540459077222
16 0.56905479557
17 0.594327227752
18 0.623232089024
19 0.640312234321
20 0.660715665835
21 0.67903238271
22 0.69217095607
23 0.701831671736
24 0.716438673823
25 0.735760105155
26 0.749980678615
27 0.757941108323
28 0.764974109328
29 0.778267254084
30 0.782904397604
31 0.795424685107
32 0.803385114815
33 0.813973259185
34 0.817760259726
35 0.822474688971
36 0.829507689976
37 0.836927119607
38 0.843882834886
39 0.84465569214
40 0.852075121771
41 0.855321122235
42 0.862740551866
43 0.866682123858
44 0.868768838442
45 0.873174124762
46 0.876342839524
47 0.880979983043
48 0.882680269
49 0.887703841124
50 0.891722698841
51 0.8940412706
52 0.898523842669
53 0.901306128781
54 0.90115155733
55 0.903856557717
56 0.904706700695
57 0.908957415588
58 0.909575701391
59 0.911507844524
60 0.911971558876
61 0.914676559263
62 0.91537213079
63 0.917922559726
64 0.918618131254
65 0.920395702937
66 0.92232784607
67 0.924028132027
68 0.925651132259
69 0.926192132336
70 0.926964989589
71 0.926655846688
72 0.929128989899
73 0.929979132877
74 0.930983847306
75 0.932838704714
76 0.931138418757
77 0.933302419066
78 0.934461704946
79 0.935002705023
80 0.934925419298
81 0.936316562354
82 0.937321276783
83 0.938094134036
84 0.939794419994
85 0.940335420071
86 0.939330705642
87 0.940412705796
88 0.940721848698
89 0.941571991676
90 0.943194991908
91 0.943426849084
92 0.943890563436
93 0.943735991985
94 0.944895277865
95 0.945745420844
96 0.945590849393
97 0.946672849548
98 0.946981992449
99 0.946440992372
100 0.947600278252
101 0.947213849625
102 0.947522992526
103 0.949532421385
104 0.949686992835
105 0.949841564286
106 0.949996135737
107 0.950691707265
108 0.950691707265
109 0.951773707419
110 0.951464564518
111 0.952623850398
112 0.952855707574
113 0.952314707497
114 0.951773707419
115 0.953010279025
116 0.95556070796
117 0.954092279179
118 0.953937707728
119 0.955328850784
120 0.956797279566
121 0.954942422158
122 0.956642708115
123 0.955947136587
124 0.95656542239
125 0.957029136741
126 0.957183708192
127 0.95540613651
128 0.958420279797
129 0.957106422467
130 0.957338279643
131 0.957183708192
132 0.958574851248
133 0.957956565445
134 0.959347708501
135 0.959347708501
136 0.959347708501
137 0.9590385656
138 0.958961279875
139 0.959734137128
140 0.960275137205
141 0.958497565523
142 0.959734137128
143 0.960120565755
144 0.960429708656
145 0.960429708656
146 0.961125280184
147 0.960584280107
148 0.960584280107
149 0.96019785148
150 0.961125280184
151 0.960970708733
152 0.961279851634
153 0.962129994613
154 0.961975423162
155 0.962284566064
156 0.961820851712
157 0.962439137514
158 0.963289280493
159 0.96251642324
160 0.962902851866
161 0.963521137669
162 0.963443851944
163 0.963598423394
164 0.964139423472
165 0.963289280493
166 0.964680423549
167 0.964293994922
168 0.964680423549
169 0.964525852098
170 0.964293994922
171 0.965685137978
172 0.965144137901
173 0.965066852175
174 0.965453280802
175 0.964834994999
176 0.965607852253
177 0.965685137978
178 0.965839709429
179 0.966457995231
180 0.966071566605
181 0.965839709429
182 0.965607852253
183 0.966921709583
184 0.96614885233
185 0.966457995231
186 0.966380709506
187 0.967694566837
188 0.966844423858
189 0.96730813821
190 0.967771852562
191 0.96730813821
192 0.966767138133
193 0.967694566837
194 0.968390138364
195 0.968544709815
196 0.968390138364
197 0.96846742409
198 0.967926424013
199 0.967849138287
200 0.967771852562
201 0.968699281266
202 0.968235566914
203 0.969549424244
204 0.968776566991
205 0.96846742409
206 0.969085709892
207 0.969240281343
208 0.969935852871
209 0.969703995695
210 0.968931138442
211 0.969703995695
212 0.969935852871
213 0.96978128142
214 0.970013138596
215 0.970244995772
216 0.970322281498
217 0.96978128142
218 0.970399567223
219 0.970631424399
220 0.970013138596
221 0.970244995772
222 0.970476852948
223 0.970708710124
224 0.970631424399
225 0.970476852948
226 0.970476852948
227 0.971172424476
228 0.9709405673
229 0.971017853026
230 0.971017853026
231 0.970863281575
232 0.971481567378
233 0.971326995927
234 0.971558853103
235 0.971867996004
236 0.971558853103
237 0.971481567378
238 0.97194528173
239 0.971867996004
240 0.971790710279
241 0.97194528173
242 0.971713424554
243 0.971867996004
244 0.972177138905
245 0.97194528173
246 0.972177138905
247 0.972408996081
248 0.972254424631
249 0.972177138905
250 0.972254424631
251 0.972486281807
252 0.972718138983
253 0.971867996004
254 0.97325913906
255 0.972563567532
256 0.972563567532
257 0.973027281884
258 0.972872710433
259 0.97325913906
260 0.972795424708
261 0.972795424708
262 0.972872710433
263 0.972795424708
264 0.973104567609
265 0.973027281884
266 0.972949996159
267 0.973181853335
268 0.973104567609
269 0.973104567609
270 0.973490996236
271 0.972949996159
272 0.973027281884
273 0.973336424785
274 0.973336424785
275 0.973800139137
276 0.973181853335
277 0.973568281961
278 0.973645567687
279 0.973490996236
280 0.973800139137
281 0.974109282039
282 0.973877424863
283 0.973336424785
284 0.974186567764
285 0.973568281961
286 0.973722853412
287 0.973568281961
288 0.974109282039
289 0.974727567841
290 0.974263853489
291 0.974031996313
292 0.974341139215
293 0.974495710665
294 0.973800139137
295 0.974804853567
296 0.974109282039
297 0.974263853489
298 0.97441842494
299 0.974495710665
300 0.974186567764
