1 0.0851688693098
2 0.122961588997
3 0.182548883228
4 0.18996831286
5 0.237344462485
6 0.283484040505
7 0.322204188893
8 0.351572764517
9 0.380786768691
10 0.407914058283
11 0.438132776885
12 0.466573923805
13 0.496560785232
14 0.538526934084
15 0.567972795434
16 0.605069943591
17 0.626168946605
18 0.647654378246
19 0.66295695186
20 0.685678955111
21 0.707241672477
22 0.720457531485
23 0.726485818083
24 0.747121106745
25 0.756627250938
26 0.768838395562
27 0.778962825557
28 0.788932684147
29 0.799598114219
30 0.808717829808
31 0.816755545242
32 0.821701831662
33 0.827884689689
34 0.837004405305
35 0.846124120893
36 0.852229693194
37 0.856634979538
38 0.861349408783
39 0.866759409555
40 0.872246696054
41 0.877579411101
42 0.881520983093
43 0.884303269205
44 0.888244841196
45 0.889790555703
46 0.893886699145
47 0.897982842587
48 0.901537985952
49 0.905556843669
50 0.90571141512
51 0.908107272605
52 0.909034701309
53 0.911121415893
54 0.911894273146
55 0.913903702005
56 0.917767988271
57 0.919236417052
58 0.919545559954
59 0.920086560035
60 0.924955560726
61 0.922482417516
62 0.926192132332
63 0.927969704014
64 0.928587989844
65 0.929515418548
66 0.92881984702
67 0.931756704583
68 0.933766133418
69 0.933611561991
70 0.934538990694
71 0.936239276652
72 0.938480562686
73 0.938325991212
74 0.938171419762
75 0.939407991367
76 0.939871705719
77 0.940721848698
78 0.941417420226
79 0.94249942038
80 0.942576706105
81 0.943040420457
82 0.944276992063
83 0.94481799214
84 0.944199706337
85 0.945127135064
86 0.946054563745
87 0.946363706646
88 0.946827420998
89 0.947522992526
90 0.948682278406
91 0.947754849702
92 0.949223278484
93 0.949532421385
94 0.950923564441
95 0.951232707342
96 0.951619135969
97 0.950846278715
98 0.952082850321
99 0.952391993222
100 0.952391993222
101 0.95424685063
102 0.9532421362
103 0.953860422003
104 0.954633279256
105 0.9532421362
106 0.955637993686
107 0.954633279256
108 0.955947136587
109 0.956333565214
110 0.95671999384
111 0.95671999384
112 0.956951851016
113 0.957647422521
114 0.958188422598
115 0.95787927972
116 0.957338279643
117 0.958420279797
118 0.958652136973
119 0.958883994149
120 0.958961279875
121 0.959502279952
122 0.959965994304
123 0.960120565755
124 0.960893423008
125 0.960506994381
126 0.960661565832
127 0.960584280107
128 0.961047994458
129 0.961279851634
130 0.962670994667
131 0.961202565909
132 0.961434423085
133 0.962284566041
134 0.962129994613
135 0.962825566118
136 0.962361851789
137 0.961898137437
138 0.96251642324
139 0.962748280393
140 0.963134709019
141 0.962129994613
142 0.963134709042
143 0.963134709042
144 0.963443851944
145 0.964371280624
146 0.964139423448
147 0.963675709097
148 0.963984852021
149 0.964139423472
150 0.964912280702
151 0.964680423549
152 0.964834994976
153 0.964680423526
154 0.964680423526
155 0.965066852152
156 0.965453280779
157 0.96576242368
158 0.965375995054
159 0.965298709328
160 0.965144137901
161 0.965530566527
162 0.965685137978
163 0.965994280879
164 0.96614885233
165 0.966226138032
166 0.966457995208
167 0.966612566659
168 0.966844423835
169 0.967076281011
170 0.966071566582
171 0.966689852384
172 0.96692170956
173 0.967849138264
174 0.967153566736
175 0.966535280934
176 0.967308138187
177 0.967230852462
178 0.96692170956
179 0.967230852462
180 0.967694566814
181 0.967230852462
182 0.967694566814
183 0.967076281034
184 0.968003709715
185 0.967462709638
186 0.968003709715
187 0.968158281165
188 0.968467424067
189 0.967926423989
190 0.968312852616
191 0.969085709869
192 0.968621995517
193 0.969085709869
194 0.967926423989
195 0.969858567123
196 0.968699281243
197 0.969549424221
198 0.969008424144
199 0.96808099544
200 0.968158281165
201 0.968467424067
202 0.969472138496
203 0.969781281397
204 0.969162995595
205 0.969781281397
206 0.969626709947
207 0.969626709947
208 0.969317567045
209 0.970090424299
210 0.970167710024
211 0.969472138496
212 0.970476852925
213 0.970090424299
214 0.970785995827
215 0.970167710024
216 0.9703995672
217 0.970708710101
218 0.970322281475
219 0.970244995749
220 0.970940567277
221 0.970940567277
222 0.971017853003
223 0.971326995904
224 0.971249710179
225 0.970090424299
226 0.970554138651
227 0.970940567277
228 0.971636138805
229 0.971095138728
230 0.970863281552
231 0.971172424453
232 0.971249710179
233 0.971404281629
234 0.97171342453
235 0.97155885308
236 0.971481567355
237 0.971404281629
238 0.971945281706
239 0.971326995904
240 0.971404281629
241 0.971249710179
242 0.971636138805
243 0.97155885308
244 0.97171342453
245 0.971404281629
246 0.971790710256
247 0.972099853157
248 0.972177138882
249 0.97171342453
250 0.971636138805
251 0.971790710256
252 0.971945281706
253 0.97171342453
254 0.972408996058
255 0.971790710256
256 0.972408996058
257 0.972486281784
258 0.971945281706
259 0.972486281784
260 0.972254424608
261 0.972254424608
262 0.972640853234
263 0.97287271041
264 0.97271813896
265 0.972563567509
266 0.972795424685
267 0.972486281784
268 0.97271813896
269 0.972640853234
270 0.973181853312
271 0.972640853234
272 0.97287271041
273 0.97287271041
274 0.973027281861
275 0.972795424685
276 0.972408996058
277 0.97287271041
278 0.973259139037
279 0.973104567586
280 0.973104567586
281 0.973336424762
282 0.973181853312
283 0.973027281861
284 0.973490996213
285 0.972949996136
286 0.973259139037
287 0.973413710488
288 0.972949996136
289 0.973336424762
290 0.97403199629
291 0.973490996213
292 0.973954710565
293 0.974263853466
294 0.973722853389
295 0.973259139037
296 0.973336424762
297 0.973568281938
298 0.973954710565
299 0.973336424762
300 0.973954710565
