1 0.0798361542692
2 0.161140737313
3 0.184249169185
4 0.23270731897
5 0.273977896273
6 0.30033232861
7 0.334415333479
8 0.364402194905
9 0.397248628192
10 0.42831748975
11 0.468737924124
12 0.507921786864
13 0.537444933967
14 0.565963366585
15 0.601360228784
16 0.630651518683
17 0.649200092761
18 0.670453667226
19 0.689311384206
20 0.703222814765
21 0.719452817083
22 0.735605533676
23 0.747893964003
24 0.755622536536
25 0.770152252897
26 0.780122111464
27 0.791173970186
28 0.796738542437
29 0.806090115174
30 0.814282402086
31 0.820001545761
32 0.828348404096
33 0.834763119298
34 0.841100548775
35 0.846046835196
36 0.849601978561
37 0.856712265291
38 0.861503980261
39 0.866836695308
40 0.868768838442
41 0.867686838287
42 0.878970554162
43 0.88082541157
44 0.885076126439
45 0.889172269882
46 0.888476698354
47 0.894736842105
48 0.896127985161
49 0.900224128603
50 0.904320272046
51 0.90640698663
52 0.9054022722
53 0.912435273205
54 0.911044130149
55 0.914985702141
56 0.915217559317
57 0.918386274055
58 0.918849988407
59 0.921091274442
60 0.922327846047
61 0.923950846279
62 0.923718989103
63 0.925728417961
64 0.926346703764
65 0.928665275524
66 0.928665275524
67 0.931061133009
68 0.930288275755
69 0.929747275678
70 0.932761418966
71 0.932761418966
72 0.933225133318
73 0.933997990571
74 0.935389133627
75 0.93732127676
76 0.938325991189
77 0.937243991035
78 0.938712419816
79 0.939485277069
80 0.940644562949
81 0.941494705928
82 0.941881134554
83 0.940335420048
84 0.94195842028
85 0.942885848984
86 0.943658706237
87 0.944354277765
88 0.943967849138
89 0.944508849216
90 0.945822706546
91 0.945668135095
92 0.946286420898
93 0.947291135327
94 0.947677563954
95 0.947136563877
96 0.948295849757
97 0.948604992658
98 0.948759564109
99 0.948914135559
100 0.949455135636
101 0.946440992349
102 0.949609707087
103 0.948991421284
104 0.950150707164
105 0.949996135714
106 0.949609707087
107 0.951155421594
108 0.95154185022
109 0.951000850143
110 0.952160136023
111 0.952314707474
112 0.953396707628
113 0.953783136255
114 0.953473993353
115 0.953551279079
116 0.954787850684
117 0.952160136023
118 0.955328850761
119 0.954169564881
120 0.955251565036
121 0.955483422212
122 0.955637993663
123 0.956024422289
124 0.955483422212
125 0.955560707937
126 0.957029136718
127 0.956488136641
128 0.956951850993
129 0.957106422444
130 0.957570136796
131 0.957415565345
132 0.957724708246
133 0.957647422521
134 0.958033851148
135 0.95865213695
136 0.958111136873
137 0.958806708401
138 0.958420279774
139 0.959502279929
140 0.959502279929
141 0.958883994126
142 0.959115851302
143 0.959734137105
144 0.960043280006
145 0.95965685138
146 0.960893422985
147 0.960043280006
148 0.960506994358
149 0.960661565809
150 0.958729422676
151 0.961279851611
152 0.961820851689
153 0.959734137105
154 0.96097070871
155 0.962207280315
156 0.961125280161
157 0.962284566041
158 0.961434423062
159 0.962361851766
160 0.962439137491
161 0.962902851843
162 0.96328928047
163 0.962980137569
164 0.963443851921
165 0.963443851921
166 0.963521137646
167 0.96328928047
168 0.962748280393
169 0.962980137569
170 0.963752994822
171 0.963598423371
172 0.964371280624
173 0.964525852075
174 0.963521137646
175 0.964525852075
176 0.96444856635
177 0.964834994976
178 0.965375995054
179 0.964757709251
180 0.964912280702
181 0.965221423603
182 0.965066852152
183 0.965066852152
184 0.964989566427
185 0.965375995054
186 0.965916995131
187 0.96560785223
188 0.964989566427
189 0.965916995131
190 0.965375995054
191 0.966380709483
192 0.965994280856
193 0.966380709483
194 0.966380709483
195 0.965530566504
196 0.966303423758
197 0.966535280934
198 0.967076281011
199 0.96692170956
200 0.966380709483
201 0.966689852384
202 0.966844423835
203 0.967617281088
204 0.967385423912
205 0.967153566736
206 0.967617281088
207 0.967230852462
208 0.967771852539
209 0.967539995363
210 0.967617281088
211 0.968158281165
212 0.967462709638
213 0.967771852539
214 0.968544709792
215 0.968158281165
216 0.967462709638
217 0.968544709792
218 0.968699281243
219 0.968235566891
220 0.968699281243
221 0.968390138341
222 0.968312852616
223 0.968003709715
224 0.968776566968
225 0.968621995517
226 0.968621995517
227 0.968621995517
228 0.968776566968
229 0.968776566968
230 0.968699281243
231 0.969162995595
232 0.969472138496
233 0.968853852693
234 0.96924028132
235 0.96924028132
236 0.969162995595
237 0.969472138496
238 0.969935852848
239 0.969703995672
240 0.969008424144
241 0.969317567045
242 0.969549424221
243 0.969008424144
244 0.968853852693
245 0.970013138573
246 0.970013138573
247 0.96924028132
248 0.969703995672
249 0.969626709947
250 0.970322281475
251 0.969549424221
252 0.970013138573
253 0.970322281475
254 0.970631424376
255 0.970244995749
256 0.970631424376
257 0.970244995749
258 0.970244995749
259 0.970708710101
260 0.9703995672
261 0.9703995672
262 0.970244995749
263 0.970863281552
264 0.970708710101
265 0.9703995672
266 0.970476852925
267 0.970785995827
268 0.971249710179
269 0.970631424376
270 0.971326995904
271 0.970631424376
272 0.971017853003
273 0.971404281629
274 0.970322281475
275 0.970940567277
276 0.970940567277
277 0.971404281629
278 0.971481567355
279 0.971249710179
280 0.97171342453
281 0.971867995981
282 0.97171342453
283 0.971095138728
284 0.971172424453
285 0.971481567355
286 0.971481567355
287 0.971790710256
288 0.971867995981
289 0.971481567355
290 0.97171342453
291 0.971790710256
292 0.97155885308
293 0.971404281629
294 0.971790710256
295 0.971481567355
296 0.97171342453
297 0.972254424608
298 0.97171342453
299 0.972331710333
300 0.971790710256
