1 0.0567277223943
2 0.0995440142252
3 0.141819305979
4 0.215395316487
5 0.241131463023
6 0.300564185799
7 0.32259061752
8 0.35868305125
9 0.392843341846
10 0.419506917084
11 0.443310920482
12 0.491073498736
13 0.522992503298
14 0.560166937178
15 0.589071798453
16 0.618981374154
17 0.638380091188
18 0.658706236949
19 0.680037097194
20 0.699590385702
21 0.718061674055
22 0.724476389229
23 0.741788391702
24 0.760336965781
25 0.772702681861
26 0.779967540041
27 0.789628255707
28 0.801375685957
29 0.806785686702
30 0.816523688121
31 0.826493546688
32 0.833371976242
33 0.839863977169
34 0.843960120584
35 0.846433263822
36 0.855784836564
37 0.861890408865
38 0.862663266141
39 0.86907798132
40 0.87255583896
41 0.878352268359
42 0.879356982788
43 0.882834840428
44 0.888399412652
45 0.88677641242
46 0.889790555707
47 0.896437128085
48 0.901228843056
49 0.902697271837
50 0.904320272069
51 0.906716129554
52 0.909189272764
53 0.910812272996
54 0.915294845065
55 0.913980987735
56 0.915681273692
57 0.916067702318
58 0.920936703014
59 0.922559703269
60 0.922636988994
61 0.92480098928
62 0.92580570371
63 0.92827884692
64 0.929360847075
65 0.930751990153
66 0.928587989844
67 0.93307056189
68 0.932684133264
69 0.93593013375
70 0.937012133905
71 0.937939562586
72 0.93708941963
73 0.938403276961
74 0.937166705333
75 0.940258134369
76 0.941881134601
77 0.942190277479
78 0.942344848952
79 0.943272277656
80 0.943117706206
81 0.945049849339
82 0.945436277966
83 0.945590849416
84 0.947368421099
85 0.945436277966
86 0.947677564
87 0.948141278352
88 0.948759564155
89 0.948914135605
90 0.949764278584
91 0.949455135683
92 0.950073421485
93 0.950846278738
94 0.951696421717
95 0.950923564464
96 0.95015070721
97 0.952701136146
98 0.953164850498
99 0.953164850498
100 0.953087564773
101 0.954246850653
102 0.952932993322
103 0.954401422103
104 0.951464564541
105 0.955174279357
106 0.955174279357
107 0.955251565082
108 0.95594713661
109 0.956333565237
110 0.956719993863
111 0.956565422413
112 0.957492851116
113 0.958033851194
114 0.958188422644
115 0.957570136842
116 0.959193137074
117 0.95942499425
118 0.959888708602
119 0.959193137074
120 0.959038565623
121 0.959347708524
122 0.958961279898
123 0.960506994404
124 0.959965994304
125 0.960893423031
126 0.960352422931
127 0.961047994481
128 0.960893423031
129 0.960816137306
130 0.961666280284
131 0.961047994481
132 0.960970708756
133 0.962439137514
134 0.962825566141
135 0.963366566218
136 0.961047994481
137 0.963598423417
138 0.963057423317
139 0.963211994768
140 0.963984852021
141 0.963443851944
142 0.961820851712
143 0.962825566141
144 0.964680423549
145 0.964062137746
146 0.964371280648
147 0.96383028057
148 0.964834994999
149 0.965066852175
150 0.965066852175
151 0.965298709374
152 0.966071566605
153 0.965839709429
154 0.965453280802
155 0.965916995154
156 0.966457995231
157 0.966226138055
158 0.966303423781
159 0.965994280879
160 0.966689852407
161 0.965298709351
162 0.967153566759
163 0.966998995309
164 0.968080995463
165 0.967230852485
166 0.967771852562
167 0.967153566759
168 0.967926424013
169 0.96846742409
170 0.966844423858
171 0.969008424167
172 0.968235566914
173 0.968235566914
174 0.96846742409
175 0.96962670997
176 0.96862199554
177 0.968312852639
178 0.967230852485
179 0.969472138519
180 0.969394852794
181 0.969162995618
182 0.970167710047
183 0.96978128142
184 0.969549424244
185 0.970399567223
186 0.970322281498
187 0.968158281189
188 0.969703995695
189 0.9709405673
190 0.970167710047
191 0.970863281575
192 0.970554138674
193 0.971172424476
194 0.968931138442
195 0.971172424476
196 0.971326995927
197 0.970708710124
198 0.970863281575
199 0.971326995927
200 0.971558853103
201 0.971095138751
202 0.971172424476
203 0.972254424631
204 0.971481567378
205 0.970476852948
206 0.972486281807
207 0.972486281807
208 0.972486281807
209 0.97209985318
210 0.969549424244
211 0.972640853257
212 0.971867996004
213 0.972022567455
214 0.972795424708
215 0.972486281807
216 0.97209985318
217 0.972177138905
218 0.972408996081
219 0.973181853335
220 0.973181853335
221 0.973104567609
222 0.972949996159
223 0.972872710433
224 0.973800139137
225 0.972408996081
226 0.973568281961
227 0.973104567609
228 0.972718138983
229 0.973413710511
230 0.97325913906
231 0.973568281961
232 0.973722853412
233 0.97325913906
234 0.973568281961
235 0.973027281884
236 0.972408996081
237 0.973027281884
238 0.973490996236
239 0.973413710511
240 0.973490996236
241 0.973877424863
242 0.973722853412
243 0.973954710588
244 0.974341139215
245 0.97441842494
246 0.974031996313
247 0.973954710588
248 0.973027281884
249 0.973877424863
250 0.97441842494
251 0.974186567764
252 0.974650282116
253 0.974959425017
254 0.974031996313
255 0.974109282039
256 0.975345853644
257 0.975268567919
258 0.974804853567
259 0.973954710588
260 0.974341139215
261 0.974804853567
262 0.974727567841
263 0.975191282193
264 0.974882139292
265 0.974804853567
266 0.974727567841
267 0.975191282193
268 0.974727567841
269 0.975191282193
270 0.97557771082
271 0.975191282193
272 0.97557771082
273 0.971095138751
274 0.975345853644
275 0.975500425095
276 0.974882139292
277 0.975191282193
278 0.975423139369
279 0.975268567919
280 0.975500425095
281 0.97557771082
282 0.975113996468
283 0.97557771082
284 0.97557771082
285 0.976041425172
286 0.97557771082
287 0.975886853721
288 0.97557771082
289 0.975654996545
290 0.975886853721
291 0.975732282271
292 0.975654996545
293 0.975654996545
294 0.975423139369
295 0.975964139446
296 0.975964139446
297 0.976273282348
298 0.976118710897
299 0.975886853721
300 0.976505139524
