1 0.07875415411
2 0.141664734528
3 0.174202024893
4 0.209908029994
5 0.252492464651
6 0.284488754938
7 0.315093902168
8 0.35474147924
9 0.375608625101
10 0.406909343858
11 0.440142205725
12 0.473993353441
13 0.510472215773
14 0.549346935612
15 0.578560939808
16 0.599969085719
17 0.62995594715
18 0.659865522852
19 0.677022953874
20 0.694721384951
21 0.716284102338
22 0.730118247151
23 0.736687533803
24 0.749594249933
25 0.764510394921
26 0.776644253825
27 0.780122111464
28 0.794265399199
29 0.801221114451
30 0.809258829913
31 0.819305974205
32 0.827961975442
33 0.832058118884
34 0.838086405459
35 0.845273977915
36 0.844655692084
37 0.854316407778
38 0.855552979383
39 0.864749980725
40 0.866450266654
41 0.871241981624
42 0.875492696517
43 0.880284411515
44 0.884148697782
45 0.887858412574
46 0.892804698995
47 0.894891413579
48 0.896591699536
49 0.900224128626
50 0.903779271992
51 0.906870701005
52 0.906406986676
53 0.90926655849
54 0.911662415975
55 0.91289898758
56 0.91405827346
57 0.91405827346
58 0.91521755934
59 0.919777417134
60 0.920859417289
61 0.922714274697
62 0.92116856019
63 0.926269418062
64 0.926733132413
65 0.925573846534
66 0.929128989899
67 0.929592704251
68 0.93113841878
69 0.931911276033
70 0.933843419144
71 0.935466419398
72 0.936239276629
73 0.935543705124
74 0.937089419607
75 0.938325991212
76 0.939253419916
77 0.940412705819
78 0.939948991444
79 0.942344848929
80 0.940489991522
81 0.941881134577
82 0.944663420712
83 0.94419970636
84 0.944895277888
85 0.94597727802
86 0.946981992472
87 0.947059278174
88 0.947832135428
89 0.947986706901
90 0.948141278352
91 0.949145992781
92 0.950846278738
93 0.948218564054
94 0.950923564464
95 0.952160136069
96 0.952005564618
97 0.95192827887
98 0.952623850421
99 0.952778421849
100 0.953628564827
101 0.954478707829
102 0.954710565005
103 0.953242136224
104 0.955096993631
105 0.955637993709
106 0.956024422335
107 0.955869850862
108 0.955406136533
109 0.956874565314
110 0.957338279643
111 0.957415565391
112 0.957415565391
113 0.958574851271
114 0.958806708424
115 0.959115851325
116 0.959656851426
117 0.95842027982
118 0.959811422876
119 0.959811422876
120 0.958111136896
121 0.960120565755
122 0.959347708501
123 0.961047994481
124 0.961202565909
125 0.960738851557
126 0.962284566087
127 0.962284566087
128 0.96305742334
129 0.961666280261
130 0.961898137437
131 0.962980137592
132 0.959502279952
133 0.963752994868
134 0.964293994922
135 0.963521137669
136 0.962748280416
137 0.963521137692
138 0.963366566218
139 0.964757709297
140 0.9653759951
141 0.964448566373
142 0.965066852175
143 0.964834995022
144 0.96553056655
145 0.966457995231
146 0.966148852353
147 0.966226138055
148 0.966226138078
149 0.965994280902
150 0.96614885233
151 0.967076281034
152 0.966457995254
153 0.966921709583
154 0.967539995409
155 0.968003709761
156 0.967153566759
157 0.967230852485
158 0.96769456686
159 0.967694566837
160 0.968235566937
161 0.967771852562
162 0.968312852662
163 0.968312852662
164 0.968003709738
165 0.968776567014
166 0.968158281212
167 0.968390138364
168 0.968931138442
169 0.968776566968
170 0.969626709993
171 0.969858567169
172 0.969549424244
173 0.969240281343
174 0.969240281343
175 0.969935852894
176 0.970090424345
177 0.969858567169
178 0.970244995749
179 0.969240281366
180 0.970244995795
181 0.970940567323
182 0.971017853026
183 0.97078599585
184 0.970476852948
185 0.9703995672
186 0.971172424476
187 0.971017853003
188 0.970785995827
189 0.971404281629
190 0.970785995827
191 0.970863281598
192 0.971558853103
193 0.97171342453
194 0.97171342453
195 0.972486281807
196 0.971945281706
197 0.971249710202
198 0.971326995904
199 0.971790710279
200 0.972640853257
201 0.972640853234
202 0.97271813896
203 0.972331710333
204 0.972022567432
205 0.972563567509
206 0.972022567432
207 0.970940567277
208 0.973336424762
209 0.972408996058
210 0.972640853234
211 0.973104567586
212 0.973027281861
213 0.973181853312
214 0.973336424762
215 0.973027281861
216 0.972331710333
217 0.973181853312
218 0.972486281784
219 0.973490996213
220 0.973645567664
221 0.973027281861
222 0.973568281938
223 0.97403199629
224 0.97403199629
225 0.974804853567
226 0.97387742484
227 0.973336424762
228 0.974727567818
229 0.974804853544
230 0.974418424917
231 0.974727567841
232 0.974495710642
233 0.974495710642
234 0.97519128217
235 0.974727567818
236 0.974572996368
237 0.974650282093
238 0.975268567896
239 0.973954710565
240 0.97519128217
241 0.973645567664
242 0.975423139346
243 0.975886853698
244 0.975809567996
245 0.974882139269
246 0.975577710797
247 0.975964139423
248 0.976273282325
249 0.976041425149
250 0.976041425149
251 0.976118710874
252 0.975964139423
253 0.97635056805
254 0.976505139501
255 0.976195996599
256 0.974959424994
257 0.976659710951
258 0.976505139501
259 0.97635056805
260 0.976814282402
261 0.975964139423
262 0.976968853853
263 0.976814282402
264 0.977123425303
265 0.97750985393
266 0.976659710951
267 0.977587139655
268 0.977200711029
269 0.976814282402
270 0.977123425303
271 0.977355282479
272 0.977123425303
273 0.977200711029
274 0.977277996754
275 0.977355282479
276 0.976505139501
277 0.977587139655
278 0.978050854007
279 0.97750985393
280 0.977818996831
281 0.978128139733
282 0.977973568282
283 0.978128139733
284 0.978050854007
285 0.978050854007
286 0.978205425458
287 0.978282711183
288 0.978514568359
289 0.978514568359
290 0.978128139733
291 0.978437282634
292 0.978205425458
293 0.977973568282
294 0.977896282557
295 0.978359996909
296 0.978591854085
297 0.978282711183
298 0.978359996909
299 0.978128139733
300 0.978514568359
