1 0.0925110132205
2 0.129067161309
3 0.167323595346
4 0.217018316708
5 0.272586753217
6 0.289589612812
7 0.335961047985
8 0.372208053163
9 0.399258057051
10 0.430558775808
11 0.460777494411
12 0.494705927806
13 0.538526934066
14 0.562871937544
15 0.60622922948
16 0.618363088356
17 0.648659092712
18 0.66488909503
19 0.691939098871
20 0.703300100494
21 0.722698817551
22 0.735528247956
23 0.749980678569
24 0.765283252183
25 0.780817682997
26 0.795888399413
27 0.802303114638
28 0.817296545328
29 0.822088260298
30 0.828812118402
31 0.838240976892
32 0.844346549192
33 0.851920550274
34 0.852461550352
35 0.867145838164
36 0.864672694953
37 0.875569982224
38 0.878274982611
39 0.882293840328
40 0.886930983847
41 0.890331555762
42 0.893422984775
43 0.89829198547
44 0.900301414329
45 0.904397557771
46 0.905634129376
47 0.899837699977
48 0.911275987325
49 0.910889558699
50 0.913980987712
51 0.917845273978
52 0.91946827421
53 0.919390988484
54 0.921632274519
55 0.919854702836
56 0.92425998918
57 0.924491846356
58 0.92541927506
59 0.92789241827
60 0.929979132854
61 0.929979132854
62 0.930674704382
63 0.933997990571
64 0.931292990185
65 0.935079990726
66 0.935389133627
67 0.937475848211
68 0.936471133782
69 0.939098848443
70 0.939485277069
71 0.941340134477
72 0.940876420125
73 0.941030991576
74 0.942653991808
75 0.943040420434
76 0.943890563413
77 0.943813277688
78 0.945822706546
79 0.94311770616
80 0.946131849447
81 0.947522992503
82 0.946904706701
83 0.948218564031
84 0.949455135636
85 0.948373135482
86 0.949686992812
87 0.949996135714
88 0.950614421516
89 0.950691707242
90 0.952005564572
91 0.952237421748
92 0.9527011361
93 0.953164850452
94 0.954092279156
95 0.954555993508
96 0.955328850761
97 0.954710564959
98 0.955251565036
99 0.955947136564
100 0.956024422289
101 0.956797279542
102 0.956797279542
103 0.957724708246
104 0.957106422444
105 0.956951850993
106 0.957415565345
107 0.957956565422
108 0.958574851225
109 0.95865213695
110 0.958188422598
111 0.959424994204
112 0.959347708478
113 0.960120565732
114 0.958574851225
115 0.960275137182
116 0.960275137182
117 0.961279851611
118 0.961434423062
119 0.961279851611
120 0.961279851611
121 0.961975423139
122 0.962284566041
123 0.962361851766
124 0.962284566041
125 0.962593708942
126 0.962902851843
127 0.962748280393
128 0.962516423217
129 0.961511708787
130 0.963366566195
131 0.963830280547
132 0.962748280393
133 0.963366566195
134 0.963752994822
135 0.963057423294
136 0.964139423448
137 0.964293994899
138 0.963830280547
139 0.964062137723
140 0.964216709174
141 0.964757709251
142 0.964834994976
143 0.965298709328
144 0.965221423603
145 0.964912280702
146 0.965839709406
147 0.965530566504
148 0.96576242368
149 0.965221423603
150 0.966148852307
151 0.96576242368
152 0.96560785223
153 0.964680423526
154 0.965839709406
155 0.965453280779
156 0.966689852384
157 0.966380709483
158 0.967153566736
159 0.96676713811
160 0.967462709638
161 0.967076281011
162 0.96676713811
163 0.967230852462
164 0.966689852384
165 0.966844423835
166 0.967385423912
167 0.96808099544
168 0.967076281011
169 0.967230852462
170 0.967385423912
171 0.967617281088
172 0.967771852539
173 0.968853852693
174 0.968621995517
175 0.968544709792
176 0.968621995517
177 0.967462709638
178 0.967617281088
179 0.968931138419
180 0.968312852616
181 0.968776566968
182 0.968390138341
183 0.969008424144
184 0.969472138496
185 0.969008424144
186 0.969626709947
187 0.970090424299
188 0.968467424067
189 0.969394852771
190 0.969858567123
191 0.970785995827
192 0.968312852616
193 0.96924028132
194 0.970167710024
195 0.969703995672
196 0.970167710024
197 0.969781281397
198 0.970090424299
199 0.970708710101
200 0.971095138728
201 0.969935852848
202 0.970322281475
203 0.970631424376
204 0.970631424376
205 0.970322281475
206 0.971326995904
207 0.971172424453
208 0.97155885308
209 0.970476852925
210 0.971404281629
211 0.970785995827
212 0.971404281629
213 0.970863281552
214 0.97171342453
215 0.971249710179
216 0.971481567355
217 0.972099853157
218 0.971867995981
219 0.97155885308
220 0.971404281629
221 0.97155885308
222 0.972563567509
223 0.972563567509
224 0.971326995904
225 0.973104567586
226 0.97287271041
227 0.972640853234
228 0.97171342453
229 0.971790710256
230 0.972640853234
231 0.973259139037
232 0.972795424685
233 0.973027281861
234 0.97271813896
235 0.973027281861
236 0.972563567509
237 0.973645567664
238 0.973181853312
239 0.972563567509
240 0.972331710333
241 0.973336424762
242 0.973722853389
243 0.973336424762
244 0.973645567664
245 0.973336424762
246 0.973490996213
247 0.973722853389
248 0.973259139037
249 0.973800139114
250 0.973645567664
251 0.973645567664
252 0.974109282016
253 0.973336424762
254 0.974109282016
255 0.973645567664
256 0.974186567741
257 0.973954710565
258 0.973336424762
259 0.974263853466
260 0.973645567664
261 0.973954710565
262 0.974186567741
263 0.974727567818
264 0.974263853466
265 0.974418424917
266 0.974572996368
267 0.974572996368
268 0.974495710642
269 0.974804853544
270 0.974341139192
271 0.974418424917
272 0.97387742484
273 0.974959424994
274 0.974727567818
275 0.974495710642
276 0.973181853312
277 0.974572996368
278 0.974186567741
279 0.974109282016
280 0.974495710642
281 0.974804853544
282 0.974804853544
283 0.97519128217
284 0.974650282093
285 0.974418424917
286 0.975268567896
287 0.974418424917
288 0.975268567896
289 0.975423139346
290 0.975654996522
291 0.975113996445
292 0.975113996445
293 0.975654996522
294 0.975113996445
295 0.975113996445
296 0.974882139269
297 0.975345853621
298 0.97519128217
299 0.97503671072
300 0.975886853698
