1 0.0674704382124
2 0.0802225828889
3 0.164386737774
4 0.215472602215
5 0.255661179389
6 0.295927042285
7 0.326995903868
8 0.362238194619
9 0.380013911444
10 0.401267485907
11 0.450421207217
12 0.479480639917
13 0.514722930665
14 0.545018934993
15 0.577633511081
16 0.601823943136
17 0.634129376295
18 0.649354664212
19 0.670453667226
20 0.685756240841
21 0.696035242309
22 0.712883530403
23 0.730118247151
24 0.736223819451
25 0.756704536691
26 0.752840250424
27 0.777571682529
28 0.784836540709
29 0.795888399459
30 0.80500811502
31 0.812118401777
32 0.818378545501
33 0.827884689721
34 0.835458690798
35 0.841255120198
36 0.84310997761
37 0.850993121593
38 0.856480408092
39 0.862817837568
40 0.869541695672
41 0.872401267509
42 0.874951696445
43 0.880207125767
44 0.883916840583
45 0.885307983615
46 0.88986784141
47 0.890331555762
48 0.891799984543
49 0.897905556844
50 0.902465414638
51 0.901074271582
52 0.90524770075
53 0.907334415333
54 0.904474843496
55 0.909498415643
56 0.911430558776
57 0.91251255893
58 0.91351727336
59 0.916531416647
60 0.919159131308
61 0.918231702605
62 0.922636988948
63 0.921091274442
64 0.924414560631
65 0.923873560553
66 0.926192132313
67 0.926346703787
68 0.928819846974
69 0.929360847052
70 0.931679418811
71 0.930906561581
72 0.933070561867
73 0.93368884767
74 0.932915990417
75 0.934538990648
76 0.936084705155
77 0.936857562408
78 0.937939562563
79 0.937630419661
80 0.93848056264
81 0.938944276992
82 0.939717134245
83 0.940876420125
84 0.937784991135
85 0.941726563104
86 0.943349563336
87 0.942190277456
88 0.942731277533
89 0.943813277688
90 0.942808563281
91 0.943967849161
92 0.946209135173
93 0.947368421053
94 0.947986706855
95 0.947136563877
96 0.948836849834
97 0.948604992658
98 0.949300564186
99 0.949764278538
100 0.95038256434
101 0.950691707242
102 0.949532421362
103 0.951309993044
104 0.951464564495
105 0.951619135946
106 0.951773707396
107 0.952623850375
108 0.950382564363
109 0.95192827887
110 0.953010279001
111 0.955483422212
112 0.954710564959
113 0.954478707783
114 0.953705850529
115 0.954865136409
116 0.955406136487
117 0.956874565268
118 0.956719993817
119 0.955792565113
120 0.957106422444
121 0.956874565268
122 0.957724708246
123 0.95865213695
124 0.957029136718
125 0.957338279643
126 0.95865213695
127 0.959193137028
128 0.958033851148
129 0.959734137105
130 0.960275137182
131 0.95965685138
132 0.961125280161
133 0.960738851534
134 0.961279851611
135 0.960506994358
136 0.962516423217
137 0.961511708787
138 0.96097070871
139 0.961898137414
140 0.961666280238
141 0.962748280393
142 0.960506994358
143 0.962516423217
144 0.962361851766
145 0.962748280393
146 0.963598423371
147 0.96328928047
148 0.963057423294
149 0.963134709019
150 0.96328928047
151 0.963521137646
152 0.963984851998
153 0.964680423526
154 0.963907566273
155 0.96444856635
156 0.964757709251
157 0.966148852307
158 0.965144137878
159 0.96576242368
160 0.966303423758
161 0.965066852152
162 0.966303423758
163 0.966148852307
164 0.966535280934
165 0.967230852462
166 0.965221423603
167 0.96576242368
168 0.966612566659
169 0.965994280856
170 0.967385423912
171 0.96692170956
172 0.967385423912
173 0.968312852616
174 0.967849138264
175 0.967076281011
176 0.968235566891
177 0.967539995363
178 0.968390138341
179 0.968235566891
180 0.968467424067
181 0.968390138341
182 0.969394852771
183 0.968931138419
184 0.968544709792
185 0.969394852771
186 0.969394852771
187 0.969703995672
188 0.969394852771
189 0.969703995672
190 0.970322281475
191 0.969703995672
192 0.969626709947
193 0.9703995672
194 0.970631424376
195 0.9703995672
196 0.970785995827
197 0.970785995827
198 0.971017853003
199 0.971095138728
200 0.969858567123
201 0.970785995827
202 0.970322281475
203 0.970785995827
204 0.971636138805
205 0.970476852925
206 0.971095138728
207 0.971095138728
208 0.971017853003
209 0.97155885308
210 0.970785995827
211 0.971172424453
212 0.969703995695
213 0.971326995904
214 0.971404281629
215 0.972640853234
216 0.972022567432
217 0.972408996058
218 0.971790710256
219 0.972177138882
220 0.972022567432
221 0.972254424608
222 0.972486281784
223 0.972408996058
224 0.972099853157
225 0.97271813896
226 0.972795424685
227 0.97155885308
228 0.973027281861
229 0.972486281784
230 0.973259139037
231 0.972640853234
232 0.973104567586
233 0.972563567509
234 0.972563567509
235 0.973259139037
236 0.972949996136
237 0.972795424685
238 0.972949996136
239 0.973645567664
240 0.974495710642
241 0.974495710642
242 0.973645567664
243 0.973413710488
244 0.973954710565
245 0.974263853466
246 0.974341139192
247 0.973568281938
248 0.973336424762
249 0.974650282093
250 0.973722853389
251 0.974263853466
252 0.974341139192
253 0.973800139114
254 0.973800139114
255 0.974418424917
256 0.974263853466
257 0.974109282016
258 0.974109282016
259 0.974882139269
260 0.974495710642
261 0.973954710565
262 0.973800139114
263 0.974727567818
264 0.97403199629
265 0.975113996445
266 0.97503671072
267 0.974572996368
268 0.974882139269
269 0.975345853621
270 0.974186567741
271 0.974882139269
272 0.974650282093
273 0.975345853621
274 0.975423139346
275 0.975113996445
276 0.975345853621
277 0.975268567896
278 0.975500425071
279 0.976273282325
280 0.975577710797
281 0.975268567896
282 0.975577710797
283 0.975577710797
284 0.975268567896
285 0.975809567973
286 0.975268567896
287 0.975423139346
288 0.975732282247
289 0.975886853698
290 0.976273282325
291 0.97635056805
292 0.976118710874
293 0.976195996599
294 0.975500425071
295 0.975500425071
296 0.975577710797
297 0.976273282325
298 0.976273282325
299 0.976041425149
300 0.97635056805
