1 0.0820774403014
2 0.117087873874
3 0.17474302497
4 0.225210603611
5 0.259911894282
6 0.306669758107
7 0.313316330483
8 0.412319344624
9 0.444470206362
10 0.453203493324
11 0.467424066786
12 0.511863358851
13 0.602596800362
14 0.602287657481
15 0.575546796521
16 0.657237808195
17 0.63405209059
18 0.629646804226
19 0.654146379182
20 0.679341525666
21 0.714661102113
22 0.719375531362
23 0.770925110155
24 0.769147538496
25 0.771466110232
26 0.792642398972
27 0.800139114329
28 0.826493546665
29 0.835149547902
30 0.817992116879
31 0.822474688948
32 0.840327691475
33 0.849601978538
34 0.847978978306
35 0.83368111912
36 0.86196769459
37 0.849679264263
38 0.870469124376
39 0.853620836255
40 0.875260839346
41 0.882293840351
42 0.885926269441
43 0.844964835018
44 0.88577169799
45 0.901151557307
46 0.888940412729
47 0.891799984566
48 0.90231084321
49 0.890099698586
50 0.895586985084
51 0.898214699768
52 0.864595409228
53 0.911971558853
54 0.910039415743
55 0.914444702064
56 0.914135559162
57 0.910812272973
58 0.917226988175
59 0.919313702759
60 0.920163845738
61 0.91946827421
62 0.910348558621
63 0.924800989257
64 0.91351727336
65 0.926423989489
66 0.920704845838
67 0.924105417729
68 0.918386274055
69 0.927969703996
70 0.917149702473
71 0.930983847283
72 0.929747275678
73 0.910889558699
74 0.922714274697
75 0.931602133086
76 0.925651132236
77 0.936857562408
78 0.926346703764
79 0.93252956179
80 0.93137027591
81 0.93848056264
82 0.936780276683
83 0.935002705
84 0.928587989798
85 0.936780276683
86 0.921477703068
87 0.937784991112
88 0.935079990726
89 0.941881134554
90 0.942808563258
91 0.938635134091
92 0.923718989103
93 0.938248705464
94 0.942422134632
95 0.946131849447
96 0.941881134554
97 0.939098848443
98 0.942731277533
99 0.943272277633
100 0.946827420975
101 0.946054563722
102 0.910580415797
103 0.947368421053
104 0.944586134941
105 0.946054563722
106 0.946981992426
107 0.947600278229
108 0.94559084937
109 0.94675013525
110 0.944586134941
111 0.947677563954
112 0.940953705851
113 0.947986706855
114 0.941726563104
115 0.946595563799
116 0.950150707164
117 0.950073421439
118 0.948141278306
119 0.936316562331
120 0.945668135095
121 0.948604992658
122 0.950923564418
123 0.947522992503
124 0.93963984852
125 0.946981992426
126 0.948991421284
127 0.94906870701
128 0.946672849525
129 0.951696421671
130 0.953242136177
131 0.950846278692
132 0.9527011361
133 0.952855707551
134 0.954324136332
135 0.952237421748
136 0.946981992426
137 0.953628564804
138 0.954169564881
139 0.952932993276
140 0.955096993585
141 0.955483422212
142 0.955483422212
143 0.954865136409
144 0.955947136564
145 0.955792565113
146 0.953705850529
147 0.955869850839
148 0.954478707783
149 0.955328850761
150 0.955637993663
151 0.955792565113
152 0.952237421748
153 0.957029136718
154 0.947368421053
155 0.955792565113
156 0.954787850684
157 0.950846278692
158 0.955792565113
159 0.956565422366
160 0.955637993663
161 0.957724708246
162 0.944895277842
163 0.955715279388
164 0.948218564031
165 0.955328850761
166 0.956642708092
167 0.958420279774
168 0.956024422289
169 0.957415565345
170 0.9584975655
171 0.957956565422
172 0.943194991885
173 0.95865213695
174 0.958342994049
175 0.959115851302
176 0.957879279697
177 0.9584975655
178 0.959270422753
179 0.95965685138
180 0.956256279465
181 0.957801993972
182 0.958574851225
183 0.959270422753
184 0.957415565345
185 0.958806708401
186 0.95386042198
187 0.959038565577
188 0.95981142283
189 0.943581420535
190 0.959424994204
191 0.958806708401
192 0.958033851148
193 0.958420279774
194 0.959579565654
195 0.955560707937
196 0.957106422444
197 0.959965994281
198 0.956874565268
199 0.958342994049
200 0.958806708401
201 0.960429708633
202 0.953783136255
203 0.959502279929
204 0.955328850761
205 0.960506994358
206 0.960816137259
207 0.960043280006
208 0.960043280006
209 0.961357137337
210 0.958729422676
211 0.959193137028
212 0.95138727877
213 0.960893422985
214 0.961202565886
215 0.95865213695
216 0.959115851302
217 0.95981142283
218 0.959888708556
219 0.961820851689
220 0.960429708633
221 0.961588994513
222 0.958806708401
223 0.959579565654
224 0.961588994513
225 0.962284566041
226 0.961279851611
227 0.960506994358
228 0.957724708246
229 0.953783136255
230 0.961511708787
231 0.962439137491
232 0.960738851534
233 0.961357137337
234 0.962748280393
235 0.960661565809
236 0.95038256434
237 0.959888708556
238 0.946209135173
239 0.962284566041
240 0.962516423217
241 0.962439137491
242 0.962748280393
243 0.961279851611
244 0.962516423217
245 0.961357137337
246 0.956565422366
247 0.960893422985
248 0.96212999459
249 0.913749130536
250 0.961898137414
251 0.960429708633
252 0.962284566041
253 0.962825566118
254 0.961975423139
255 0.961743565963
256 0.963675709097
257 0.961357137337
258 0.962207280315
259 0.963752994822
260 0.962825566118
261 0.963134709019
262 0.96212999459
263 0.963211994745
264 0.962902851843
265 0.962439137491
266 0.962980137569
267 0.948450421207
268 0.961820851689
269 0.961279851611
270 0.963057423294
271 0.962825566118
272 0.963752994822
273 0.963211994745
274 0.964293994899
275 0.961202565886
276 0.962748280393
277 0.96328928047
278 0.961202565886
279 0.963907566273
280 0.963752994822
281 0.962670994667
282 0.964371280624
283 0.963598423371
284 0.963907566273
285 0.964912280702
286 0.964293994899
287 0.963598423371
288 0.96328928047
289 0.96444856635
290 0.964525852075
291 0.963443851921
292 0.963907566273
293 0.963984851998
294 0.963521137646
295 0.963984851998
296 0.962593708942
297 0.963521137646
298 0.9646031378
299 0.964062137723
300 0.962670994667
