1 0.0643017234763
2 0.118169874031
3 0.182858026132
4 0.232552747514
5 0.278846896983
6 0.325141046453
7 0.343998763433
8 0.383259911901
9 0.411237344469
10 0.458999922728
11 0.439137491296
12 0.542391220332
13 0.563258366171
14 0.58559394079
15 0.633433804767
16 0.623309374749
17 0.641162377327
18 0.637143519606
19 0.692480098917
20 0.696189813732
21 0.735450962226
22 0.7292681042
23 0.753072107605
24 0.746348249524
25 0.704691243541
26 0.789628255707
27 0.775484967917
28 0.792101398895
29 0.78738696965
30 0.812736687557
31 0.80408068632
32 0.820387974387
33 0.832289976087
34 0.854316407806
35 0.851534121694
36 0.849138264209
37 0.855166550784
38 0.836927119584
39 0.860344694381
40 0.847978978301
41 0.83824097691
42 0.848210835505
43 0.86482726645
44 0.869850838596
45 0.869928124298
46 0.88979055573
47 0.867223123912
48 0.895741556581
49 0.887626555421
50 0.897519128263
51 0.887935698323
52 0.90385655774
53 0.905479557972
54 0.908029986907
55 0.86714583821
56 0.909730272865
57 0.917304273947
58 0.905634129422
59 0.910348558667
60 0.912976273328
61 0.914908416462
62 0.909730272842
63 0.911198701646
64 0.918077131177
65 0.920241131509
66 0.923796274874
67 0.917381559672
68 0.925187417907
69 0.927196846788
70 0.902774557562
71 0.932297704637
72 0.928201561195
73 0.9294381328
74 0.890717984407
75 0.932915990463
76 0.920550274387
77 0.92881984702
78 0.923796274874
79 0.933379704815
80 0.93461627642
81 0.9299791329
82 0.919468274256
83 0.930210990076
84 0.927737846843
85 0.935620990826
86 0.939253419916
87 0.935234562222
88 0.942499420403
89 0.938944277038
90 0.932606847561
91 0.937321276783
92 0.940103562918
93 0.943426849107
94 0.934384419244
95 0.943890563459
96 0.942499420357
97 0.928897132723
98 0.875183553616
99 0.944431563513
100 0.943194991885
101 0.945899992294
102 0.932761418966
103 0.94597727802
104 0.946904706724
105 0.941417420226
106 0.948527706979
107 0.941030991599
108 0.946595563822
109 0.92596027516
110 0.948682278429
111 0.945668135118
112 0.935002705023
113 0.944199706337
114 0.929901847152
115 0.944354277811
116 0.949686992835
117 0.948991421308
118 0.936780276729
119 0.935311847948
120 0.952005564595
121 0.950150707187
122 0.937243991081
123 0.932220418912
124 0.951928278893
125 0.953319421949
126 0.951078135891
127 0.946750135296
128 0.95130999309
129 0.953164850498
130 0.931370275956
131 0.890717984407
132 0.952005564618
133 0.951464564518
134 0.950768993013
135 0.953783136278
136 0.954865136432
137 0.954942422158
138 0.950923564464
139 0.952314707497
140 0.949841564309
141 0.953164850475
142 0.953164850475
143 0.953705850552
144 0.955483422235
145 0.95231470752
146 0.952701136123
147 0.954865136432
148 0.953783136278
149 0.95440142208
150 0.954555993531
151 0.95556070796
152 0.952623850398
153 0.953705850552
154 0.956024422335
155 0.952546564696
156 0.955251565082
157 0.955406136533
158 0.955251565059
159 0.939717134268
160 0.954246850653
161 0.955715279434
162 0.94597727802
163 0.956874565314
164 0.95478785073
165 0.956178993786
166 0.956410850939
167 0.955792565136
168 0.956333565237
169 0.957183708215
170 0.959038565623
171 0.958342994072
172 0.956333565214
173 0.955792565136
174 0.956024422312
175 0.955406136533
176 0.956101708038
177 0.956797279566
178 0.958188422621
179 0.958497565546
180 0.956797279589
181 0.95556070796
182 0.958342994072
183 0.958033851194
184 0.95540613651
185 0.958265708347
186 0.948141278329
187 0.958033851171
188 0.959734137128
189 0.956333565237
190 0.954401422103
191 0.959038565623
192 0.958111136896
193 0.95787927972
194 0.947677563977
195 0.958497565523
196 0.959347708501
197 0.95710642249
198 0.958497565546
199 0.957183708215
200 0.957570136842
201 0.959115851325
202 0.959424994227
203 0.957492851093
204 0.959347708501
205 0.957724708269
206 0.959347708524
207 0.957183708192
208 0.949532421385
209 0.955947136587
210 0.96019785148
211 0.959965994304
212 0.958420279797
213 0.958883994149
214 0.957647422567
215 0.931833990308
216 0.957338279666
217 0.959424994227
218 0.957724708269
219 0.960816137282
220 0.950227992913
221 0.959502279952
222 0.957801993995
223 0.957956565445
224 0.959502279975
225 0.958883994149
226 0.959502279975
227 0.952160136046
228 0.957647422544
229 0.959734137128
230 0.955869850862
231 0.9595795657
232 0.954865136455
233 0.957956565468
234 0.959579565677
235 0.960120565755
236 0.959424994227
237 0.960661565832
238 0.960584280107
239 0.959270422799
240 0.943504134809
241 0.960738851557
242 0.959579565677
243 0.957415565391
244 0.954324136378
245 0.960352422931
246 0.958806708424
247 0.959965994327
248 0.961125280207
249 0.958961279898
250 0.958188422621
251 0.960120565732
252 0.958961279898
253 0.957956565445
254 0.959811422876
255 0.959811422876
256 0.960893423008
257 0.960120565755
258 0.961047994481
259 0.960816137282
260 0.960584280107
261 0.961125280184
262 0.950459850089
263 0.959888708579
264 0.959888708579
265 0.958961279875
266 0.960043280029
267 0.959347708524
268 0.960816137306
269 0.959347708501
270 0.96019785148
271 0.959811422876
272 0.960043280052
273 0.960120565755
274 0.959888708579
275 0.961434423085
276 0.961279851657
277 0.960584280107
278 0.958497565523
279 0.959888708579
280 0.961125280184
281 0.961125280184
282 0.960352422931
283 0.960043280029
284 0.960506994381
285 0.957570136819
286 0.960429708656
287 0.960970708733
288 0.960429708656
289 0.961279851634
290 0.950923564441
291 0.950846278715
292 0.961202565909
293 0.961588994536
294 0.960893423031
295 0.958574851248
296 0.961279851634
297 0.961202565909
298 0.960893423031
299 0.960893423008
300 0.960893423008
