1 0.0696344385192
2 0.147693021101
3 0.184867454986
4 0.216941030998
5 0.304351186343
6 0.29368575625
7 0.328464332647
8 0.365097766454
9 0.4641007806
10 0.492310070342
11 0.477316639628
12 0.483654069105
13 0.522065074595
14 0.597109513864
15 0.613262230484
16 0.636370662329
17 0.635829662252
18 0.681582811673
19 0.60344694334
20 0.721307674491
21 0.717675245373
22 0.699049385569
23 0.765128680751
24 0.768606538391
25 0.743875106314
26 0.7875415411
27 0.803153257639
28 0.805858258026
29 0.802225828912
30 0.800911971605
31 0.828271118347
32 0.83252183324
33 0.846355978074
34 0.852847979001
35 0.819615117134
36 0.8229384033
37 0.856634979542
38 0.855166550761
39 0.830435118657
40 0.875183553598
41 0.882989411856
42 0.886544555221
43 0.850529407218
44 0.891722698818
45 0.895741556535
46 0.872787696113
47 0.899914985702
48 0.854857407883
49 0.902156271737
50 0.907102558158
51 0.907025272432
52 0.901460700209
53 0.893809413401
54 0.912976273282
55 0.912821701832
56 0.915217559317
57 0.916995130999
58 0.895586985084
59 0.876729268127
60 0.917304273901
61 0.907566272509
62 0.923718989103
63 0.923950846279
64 0.90524770075
65 0.925882989412
66 0.914290130613
67 0.932297704614
68 0.927969703996
69 0.92789241827
70 0.922636988948
71 0.905479557926
72 0.932761418966
73 0.92773784682
74 0.935157276451
75 0.936625705232
76 0.926346703764
77 0.936084705155
78 0.937707705387
79 0.941803848829
80 0.937089419584
81 0.936084705155
82 0.940489991499
83 0.942344848906
84 0.942344848906
85 0.934384419198
86 0.929901847129
87 0.943967849138
88 0.942885848984
89 0.943426849061
90 0.942190277456
91 0.945281706469
92 0.934229847747
93 0.938403276915
94 0.946672849525
95 0.942653991808
96 0.944663420666
97 0.94211299173
98 0.946672849525
99 0.94195842028
100 0.948450421207
101 0.938403276915
102 0.948527706933
103 0.949377849911
104 0.947059278151
105 0.950073421439
106 0.94922327846
107 0.940567277224
108 0.941571991653
109 0.950614421516
110 0.949764278538
111 0.952160136023
112 0.950305278615
113 0.950846278692
114 0.95038256434
115 0.937939562563
116 0.940258134323
117 0.95154185022
118 0.955715279388
119 0.933997990571
120 0.951696421671
121 0.953242136177
122 0.938094134013
123 0.953473993353
124 0.951696421671
125 0.949686992812
126 0.91599041657
127 0.953242136177
128 0.954787850684
129 0.947368421053
130 0.950691707242
131 0.954092279156
132 0.942808563258
133 0.953783136255
134 0.956488136641
135 0.950150707164
136 0.953164850452
137 0.954865136409
138 0.955715279388
139 0.957801993972
140 0.95254656465
141 0.954865136409
142 0.954710564959
143 0.955406136487
144 0.939098848443
145 0.953319421903
146 0.95749285107
147 0.956024422289
148 0.953010279001
149 0.956642708092
150 0.956874565268
151 0.955328850761
152 0.956642708092
153 0.954324136332
154 0.933147847593
155 0.957570136796
156 0.957647422521
157 0.958883994126
158 0.954401422057
159 0.958111136873
160 0.957647422521
161 0.958420279774
162 0.955792565113
163 0.957801993972
164 0.957260993894
165 0.957106422444
166 0.955096993585
167 0.955715279388
168 0.958883994126
169 0.959579565654
170 0.958265708324
171 0.959038565577
172 0.960043280006
173 0.94922327846
174 0.959965994281
175 0.959888708556
176 0.9584975655
177 0.955251565036
178 0.958111136873
179 0.960429708633
180 0.959734137105
181 0.95965685138
182 0.960352422907
183 0.953396707628
184 0.957956565422
185 0.960275137182
186 0.959888708556
187 0.962207280315
188 0.962361851766
189 0.959888708556
190 0.957415565345
191 0.961434423062
192 0.961434423062
193 0.956719993817
194 0.960352422907
195 0.96212999459
196 0.956488136641
197 0.938248705464
198 0.962439137491
199 0.961820851689
200 0.957106422444
201 0.963443851921
202 0.961434423062
203 0.962516423217
204 0.960043280006
205 0.961743565963
206 0.961820851689
207 0.963211994745
208 0.962361851766
209 0.960893422985
210 0.958033851148
211 0.962439137491
212 0.962980137569
213 0.961666280238
214 0.958574851225
215 0.963366566195
216 0.961743565963
217 0.962748280393
218 0.963598423371
219 0.962516423217
220 0.963057423294
221 0.960506994358
222 0.963057423294
223 0.962825566118
224 0.963752994822
225 0.963907566273
226 0.958420279774
227 0.957801993972
228 0.963907566273
229 0.95865213695
230 0.963830280547
231 0.963521137646
232 0.963752994822
233 0.964062137723
234 0.963134709019
235 0.964216709174
236 0.964989566427
237 0.963521137646
238 0.963675709097
239 0.963675709097
240 0.964062137723
241 0.963830280547
242 0.962593708942
243 0.963907566273
244 0.964293994899
245 0.963984851998
246 0.963907566273
247 0.962748280393
248 0.96328928047
249 0.964912280702
250 0.962593708942
251 0.964912280702
252 0.963830280547
253 0.964371280624
254 0.964371280624
255 0.965144137878
256 0.963907566273
257 0.964139423448
258 0.964680423526
259 0.965298709328
260 0.963366566195
261 0.9646031378
262 0.962748280393
263 0.964912280702
264 0.964680423526
265 0.965221423603
266 0.964912280702
267 0.964216709174
268 0.964834994976
269 0.964139423448
270 0.96444856635
271 0.964834994976
272 0.965530566504
273 0.96576242368
274 0.963057423294
275 0.964912280702
276 0.96576242368
277 0.962825566118
278 0.965298709328
279 0.96444856635
280 0.952855707551
281 0.964912280702
282 0.964525852075
283 0.965375995054
284 0.964293994899
285 0.963984851998
286 0.964912280702
287 0.965144137878
288 0.965453280779
289 0.963598423371
290 0.961743565963
291 0.965144137878
292 0.965221423603
293 0.960893422985
294 0.965685137955
295 0.964912280702
296 0.965298709328
297 0.964912280702
298 0.964989566427
299 0.962980137569
300 0.964757709251
