1 0.0873328696213
2 0.0666975809591
3 0.176211453747
4 0.218409459775
5 0.283484040507
6 0.292835613269
7 0.339748048547
8 0.353350336198
9 0.391993198868
10 0.446634206674
11 0.460545637232
12 0.467037638157
13 0.543318649055
14 0.607002086728
15 0.63211994746
16 0.647654378227
17 0.662570523236
18 0.693484813346
19 0.631733518833
20 0.711337815919
21 0.729268104172
22 0.743179534731
23 0.766674395253
24 0.785145683583
25 0.77262539608
26 0.712960816128
27 0.799288971318
28 0.807094829576
29 0.785300255061
30 0.80678568673
31 0.820001545733
32 0.824174974901
33 0.837236262481
34 0.842800834704
35 0.83754540541
36 0.827420975337
37 0.858026122594
38 0.853002550475
39 0.868227838364
40 0.826570832386
41 0.861503980206
42 0.86722312388
43 0.868459695513
44 0.874565267841
45 0.876806553876
46 0.861581265986
47 0.859108122748
48 0.89744184251
49 0.886853698168
50 0.903006414734
51 0.896359842383
52 0.829507689948
53 0.903779272015
54 0.880361697213
55 0.91096684447
56 0.91444470211
57 0.898755699813
58 0.901383414529
59 0.914058273483
60 0.903547414839
61 0.911507844547
62 0.908339129809
63 0.918231702651
64 0.921245845911
65 0.913594559131
66 0.914753845011
67 0.924337274951
68 0.923641703423
69 0.925651132282
70 0.922405131818
71 0.925651132227
72 0.923177989016
73 0.927969704014
74 0.931756704583
75 0.909034701337
76 0.928356132641
77 0.932606847534
78 0.887781126844
79 0.93113841878
80 0.920163845784
81 0.933843419167
82 0.920936703009
83 0.932065847461
84 0.93770770541
85 0.897055413883
86 0.915835845165
87 0.934848133596
88 0.933920704892
89 0.938403276938
90 0.939871705719
91 0.93994899144
92 0.92634670381
93 0.932529561836
94 0.938171419785
95 0.932065847484
96 0.939794419994
97 0.935543705101
98 0.942190277479
99 0.943890563436
100 0.942112991753
101 0.944586134964
102 0.932374990385
103 0.942576706128
104 0.943735992008
105 0.935157276474
106 0.945204420767
107 0.941417420249
108 0.943117706206
109 0.933379704815
110 0.931524847384
111 0.947445706801
112 0.944740706438
113 0.940721848698
114 0.94010356289
115 0.943272277656
116 0.948914135582
117 0.943194991908
118 0.941108277347
119 0.948604992681
120 0.945513563668
121 0.947213849625
122 0.949068707033
123 0.943117706206
124 0.933766133418
125 0.949918850034
126 0.948991421308
127 0.949145992758
128 0.947368421076
129 0.949764278561
130 0.948682278429
131 0.922095988917
132 0.950382564363
133 0.950923564441
134 0.949841564309
135 0.947909421153
136 0.947600278252
137 0.94960970711
138 0.951696421694
139 0.952005564595
140 0.943890563459
141 0.936084705178
142 0.952082850321
143 0.952237421771
144 0.951464564518
145 0.953319421926
146 0.95308756475
147 0.952237421794
148 0.951387278793
149 0.952546564673
150 0.954169564904
151 0.941030991599
152 0.952932993299
153 0.953705850552
154 0.952855707574
155 0.953937707751
156 0.952391993222
157 0.955096993608
158 0.955328850784
159 0.952932993299
160 0.947059278174
161 0.949686992858
162 0.95308756475
163 0.952701136123
164 0.956642708115
165 0.95671999384
166 0.955792565136
167 0.95424685063
168 0.951619135969
169 0.954478707829
170 0.952160136046
171 0.948914135605
172 0.954169564904
173 0.956488136664
174 0.945822706569
175 0.945977278043
176 0.956488136664
177 0.955251565082
178 0.957492851116
179 0.957647422544
180 0.955483422235
181 0.953396707651
182 0.956488136664
183 0.956410850962
184 0.955792565136
185 0.957183708192
186 0.95671999384
187 0.957956565445
188 0.958497565546
189 0.955792565159
190 0.957570136819
191 0.957029136765
192 0.959270422799
193 0.956719993836
194 0.956256279511
195 0.95726099394
196 0.954865136432
197 0.958574851271
198 0.957801993995
199 0.956951851016
200 0.955715279411
201 0.957570136842
202 0.958111136919
203 0.959811422853
204 0.958961279875
205 0.954787850707
206 0.958729422722
207 0.959038565623
208 0.956256279488
209 0.949841564254
210 0.952855707597
211 0.958729422699
212 0.95826570837
213 0.959888708602
214 0.958111136919
215 0.952546564673
216 0.958883994149
217 0.95826570837
218 0.959347708501
219 0.959734137151
220 0.958497565546
221 0.960584280107
222 0.959656851403
223 0.96151170881
224 0.952237421794
225 0.958342994095
226 0.960661565832
227 0.960197851503
228 0.958265708347
229 0.961434423085
230 0.956797279589
231 0.954942422153
232 0.959193137074
233 0.959115851348
234 0.960429708679
235 0.960043280029
236 0.95942499425
237 0.958265708347
238 0.960275137228
239 0.960506994404
240 0.96058428013
241 0.959193137074
242 0.960816137282
243 0.961047994454
244 0.96151170881
245 0.961047994481
246 0.960661565832
247 0.96058428013
248 0.960970708733
249 0.960197851475
250 0.960738851557
251 0.956178993786
252 0.960970708733
253 0.961047994454
254 0.962361851789
255 0.957260993917
256 0.959656851398
257 0.960893423031
258 0.961125280207
259 0.960816137282
260 0.96151170881
261 0.961357137355
262 0.961357137383
263 0.961666280256
264 0.959811422853
265 0.962361851789
266 0.959734137123
267 0.961666280284
268 0.960352422931
269 0.961743565986
270 0.961588994536
271 0.960893423003
272 0.959965994327
273 0.96019785148
274 0.961820851735
275 0.961588994531
276 0.95942499425
277 0.961820851735
278 0.962361851784
279 0.959811422876
280 0.961666280284
281 0.96135713736
282 0.962284566087
283 0.961666280284
284 0.959115851321
285 0.96189813746
286 0.960352422931
287 0.962361851789
288 0.962516423263
289 0.960816137306
290 0.962129994608
291 0.962902851862
292 0.962439137514
293 0.961743566009
294 0.96305742334
295 0.962748280439
296 0.960506994377
297 0.962129994613
298 0.961588994559
299 0.962361851812
300 0.962284566059
