1 0.101476157354
2 0.0848597264085
3 0.159826879975
4 0.234716747821
5 0.237421748203
6 0.31656233094
7 0.354355050627
8 0.37421748204
9 0.331787618829
10 0.450266635762
11 0.43875106269
12 0.509158358463
13 0.544246077761
14 0.511940644572
15 0.56843650979
16 0.602519514657
17 0.672231238881
18 0.640080377145
19 0.642939949001
20 0.681350954493
21 0.719916531435
22 0.740242677196
23 0.76961125282
24 0.757322822493
25 0.774943967868
26 0.802534971837
27 0.812659401827
28 0.823633974823
29 0.830976118702
30 0.83228997606
31 0.852770693271
32 0.842259834655
33 0.840327691494
34 0.859108122776
35 0.864981837901
36 0.86784140971
37 0.872014838905
38 0.840095834318
39 0.88329855478
40 0.886621840992
41 0.891181698763
42 0.894195842074
43 0.864518123521
44 0.898291985516
45 0.868923409865
46 0.891877270314
47 0.864595409251
48 0.888399412675
49 0.903238271914
50 0.867145838182
51 0.896823556708
52 0.896591699559
53 0.898523842665
54 0.895123270778
55 0.912976273305
56 0.913749130559
57 0.916222273769
58 0.913594559108
59 0.917304273924
60 0.923332560499
61 0.915913130868
62 0.923950846302
63 0.926037560886
64 0.913439987657
65 0.928665275547
66 0.919159131331
67 0.927892418293
68 0.928974418448
69 0.926733132413
70 0.926578560963
71 0.928433418371
72 0.929051704196
73 0.914599273537
74 0.933225133341
75 0.936084705178
76 0.936780276706
77 0.936161990903
78 0.938557848388
79 0.902388128959
80 0.937166705333
81 0.936239276629
82 0.933997990594
83 0.935157276474
84 0.933766133418
85 0.939794419994
86 0.935311847925
87 0.939407991367
88 0.943967849161
89 0.943272277633
90 0.937862276861
91 0.91343998768
92 0.933379704792
93 0.94365870626
94 0.934152562045
95 0.94365870626
96 0.943813277711
97 0.943194991931
98 0.930829275879
99 0.944663420689
100 0.945358992217
101 0.944045134887
102 0.942963134732
103 0.9471365639
104 0.942808563281
105 0.940799134423
106 0.945204420767
107 0.938789705564
108 0.944122420612
109 0.942808563281
110 0.948759564132
111 0.949223278484
112 0.920395702937
113 0.946518278097
114 0.944276992063
115 0.950923564441
116 0.950614421539
117 0.950382564363
118 0.946672849548
119 0.945899992294
120 0.949918850011
121 0.949145992758
122 0.948914135582
123 0.950691707265
124 0.944663420689
125 0.945899992294
126 0.953473993376
127 0.924723703578
128 0.870469124399
129 0.93422984777
130 0.949686992835
131 0.95308756475
132 0.951155421617
133 0.949300564209
134 0.949068707033
135 0.955251565059
136 0.952778421849
137 0.954710564982
138 0.93693484818
139 0.937321276783
140 0.954865136432
141 0.954092279202
142 0.949841564286
143 0.956333565214
144 0.957338279643
145 0.953319421926
146 0.953164850498
147 0.953396707651
148 0.952778421849
149 0.956488136664
150 0.955792565136
151 0.956642708115
152 0.917999845475
153 0.954324136355
154 0.956333565214
155 0.957415565368
156 0.957183708192
157 0.952701136123
158 0.956951851016
159 0.949068707033
160 0.939485277092
161 0.957724708269
162 0.943040420457
163 0.956101708038
164 0.958420279797
165 0.959347708501
166 0.958652136973
167 0.939717134291
168 0.9590385656
169 0.958188422621
170 0.958806708424
171 0.958883994172
172 0.95826570837
173 0.923100703323
174 0.957415565391
175 0.959038565623
176 0.959656851403
177 0.95540613651
178 0.938712419862
179 0.958806708424
180 0.960043280029
181 0.9590385656
182 0.959347708524
183 0.958806708424
184 0.956256279488
185 0.959115851325
186 0.958497565523
187 0.958652136973
188 0.959734137128
189 0.95440142208
190 0.959502279975
191 0.960506994381
192 0.95710642249
193 0.960893423008
194 0.95192827887
195 0.960352422931
196 0.959038565623
197 0.955328850784
198 0.957724708269
199 0.95710642249
200 0.96058428013
201 0.958033851171
202 0.960120565755
203 0.959502279952
204 0.960120565755
205 0.959502279952
206 0.959115851325
207 0.959965994327
208 0.958806708424
209 0.960816137306
210 0.962052708888
211 0.961202565909
212 0.960506994381
213 0.958729422699
214 0.956488136664
215 0.961666280261
216 0.960429708656
217 0.959270422776
218 0.961975423162
219 0.96189813746
220 0.961588994536
221 0.961820851712
222 0.959965994304
223 0.959270422776
224 0.961820851735
225 0.961898137437
226 0.961898137437
227 0.962207280338
228 0.960120565755
229 0.962593708965
230 0.963752994845
231 0.962439137514
232 0.962207280338
233 0.961820851712
234 0.962439137514
235 0.963443851944
236 0.951155421617
237 0.961434423085
238 0.959579565677
239 0.962129994613
240 0.96135713736
241 0.957879279743
242 0.962129994613
243 0.961975423162
244 0.960506994404
245 0.954787850707
246 0.962361851789
247 0.96267099469
248 0.962284566064
249 0.963521137669
250 0.960506994381
251 0.962361851789
252 0.963366566218
253 0.962129994613
254 0.948991421308
255 0.962052708888
256 0.96383028057
257 0.961820851712
258 0.963289280493
259 0.962439137514
260 0.96383028057
261 0.962439137514
262 0.96383028057
263 0.963752994845
264 0.964448566373
265 0.960738851557
266 0.963134709042
267 0.962052708888
268 0.96267099469
269 0.963521137669
270 0.961975423162
271 0.961047994458
272 0.96267099469
273 0.96498956645
274 0.963443851944
275 0.935234562199
276 0.962902851866
277 0.962902851889
278 0.963752994845
279 0.964525852098
280 0.963521137669
281 0.964293994922
282 0.962207280338
283 0.96367570912
284 0.964603137823
285 0.963211994768
286 0.963289280516
287 0.959734137151
288 0.963289280493
289 0.96367570912
290 0.964525852098
291 0.964139423472
292 0.961743565986
293 0.964525852098
294 0.961975423162
295 0.963984852021
296 0.962748280416
297 0.964371280648
298 0.964371280648
299 0.963366566218
300 0.963521137669
