1 0.113687301955
2 0.155421593632
3 0.177293453901
4 0.238349176907
5 0.296468042355
6 0.325218332179
7 0.331478475935
8 0.362315480333
9 0.406445629499
10 0.448334492622
11 0.485895355135
12 0.544864363566
13 0.540381791495
14 0.588917227002
15 0.572146224583
16 0.623154803326
17 0.664579952129
18 0.659401808504
19 0.64178066313
20 0.705232243618
21 0.704536672123
22 0.721307674519
23 0.73892881987
24 0.754926965013
25 0.750753535845
26 0.747507535381
27 0.788314398354
28 0.787000541023
29 0.795424685084
30 0.794729113579
31 0.761109823062
32 0.820697117265
33 0.804621686398
34 0.837390833936
35 0.832985547592
36 0.818223974055
37 0.851688693121
38 0.853002550452
39 0.846201406623
40 0.857639693972
41 0.847515263954
42 0.855321122212
43 0.872014838882
44 0.87386969629
45 0.867686838264
46 0.82517968933
47 0.886003555166
48 0.873946982015
49 0.889790555707
50 0.888322126926
51 0.894814127854
52 0.894814127854
53 0.880284411492
54 0.878815982711
55 0.904552129245
56 0.887085555321
57 0.890099698609
58 0.88809026975
59 0.908339129786
60 0.90331555764
61 0.905556843674
62 0.907102558158
63 0.907566272509
64 0.912976273305
65 0.908261844037
66 0.901847128858
67 0.910039415743
68 0.912667130381
69 0.922173274619
70 0.921245845892
71 0.918618131254
72 0.906329700927
73 0.912976273328
74 0.922559703246
75 0.911662415952
76 0.922173274619
77 0.865136409351
78 0.923873560576
79 0.903006414738
80 0.903392843365
81 0.929360847052
82 0.930829275833
83 0.93021099003
84 0.921709560267
85 0.931602133086
86 0.927892418293
87 0.932143133163
88 0.931988561736
89 0.934152562022
90 0.925264703632
91 0.930133704305
92 0.927969703996
93 0.933147847593
94 0.930983847329
95 0.933534276242
96 0.938789705541
97 0.932684133241
98 0.919931988585
99 0.937862276837
100 0.928974418471
101 0.935157276451
102 0.937939562563
103 0.93075199013
104 0.933070561867
105 0.93716670531
106 0.937089419584
107 0.93021099003
108 0.941494705951
109 0.94327227761
110 0.940412705773
111 0.93848056264
112 0.942731277556
113 0.942576706082
114 0.943890563413
115 0.943735991962
116 0.94311770616
117 0.942653991808
118 0.934307133495
119 0.931292990185
120 0.945281706469
121 0.943349563336
122 0.943040420434
123 0.947832135405
124 0.946209135173
125 0.945513563645
126 0.945513563645
127 0.946827420975
128 0.946131849447
129 0.945822706546
130 0.945899992271
131 0.942963134709
132 0.948141278306
133 0.92905170415
134 0.94922327846
135 0.941262848775
136 0.949532421362
137 0.937553133936
138 0.947677563954
139 0.948218564031
140 0.937939562563
141 0.939717134245
142 0.949377849911
143 0.949918849988
144 0.945204420743
145 0.942808563258
146 0.951155421594
147 0.9288971327
148 0.949841564263
149 0.945977277997
150 0.947754849679
151 0.949686992812
152 0.950691707242
153 0.94443156349
154 0.942808563258
155 0.949300564186
156 0.949609707087
157 0.950537135791
158 0.953010279001
159 0.953937707705
160 0.953010279001
161 0.952391993199
162 0.947368421053
163 0.947059278151
164 0.953783136255
165 0.950614421516
166 0.949145992735
167 0.950846278692
168 0.912744416129
169 0.926423989489
170 0.951232707319
171 0.952314707474
172 0.952623850375
173 0.952778421825
174 0.94675013525
175 0.954014993431
176 0.949996135714
177 0.951850993122
178 0.954865136409
179 0.954169564881
180 0.950537135791
181 0.953164850452
182 0.950614421516
183 0.954865136409
184 0.954324136332
185 0.954169564881
186 0.952932993276
187 0.956024422289
188 0.953783136255
189 0.951000850143
190 0.956565422366
191 0.956101708015
192 0.954014993431
193 0.955792565113
194 0.954633279233
195 0.950614421516
196 0.939562562795
197 0.956565422366
198 0.956333565191
199 0.953473993353
200 0.955328850761
201 0.953473993353
202 0.956024422289
203 0.953705850529
204 0.954865136409
205 0.955406136487
206 0.956565422366
207 0.955328850761
208 0.955174279311
209 0.954787850684
210 0.954555993508
211 0.916995130999
212 0.956101708015
213 0.956256279465
214 0.956488136641
215 0.957183708169
216 0.953628564804
217 0.954169564881
218 0.954710564959
219 0.956488136641
220 0.95733827962
221 0.956488136641
222 0.95733827962
223 0.956256279465
224 0.951464564518
225 0.955328850761
226 0.956565422366
227 0.957956565422
228 0.955947136564
229 0.955947136564
230 0.956333565191
231 0.953396707628
232 0.957879279697
233 0.955251565036
234 0.955560707937
235 0.957956565422
236 0.958111136873
237 0.958574851225
238 0.957415565345
239 0.957106422444
240 0.957183708169
241 0.951619135946
242 0.954865136432
243 0.957183708169
244 0.956719993817
245 0.958729422676
246 0.957570136796
247 0.957647422521
248 0.957570136796
249 0.956410850916
250 0.95749285107
251 0.956410850916
252 0.959270422753
253 0.958188422598
254 0.957029136718
255 0.958961279852
256 0.958961279852
257 0.947213849602
258 0.956719993817
259 0.958806708401
260 0.958265708324
261 0.95617899374
262 0.95733827962
263 0.958729422676
264 0.957956565422
265 0.958574851225
266 0.958961279852
267 0.95865213695
268 0.956719993817
269 0.957647422521
270 0.956101708015
271 0.957879279697
272 0.9584975655
273 0.95749285107
274 0.959579565654
275 0.959115851302
276 0.951619135946
277 0.958420279774
278 0.959115851302
279 0.959502279929
280 0.956333565191
281 0.958265708324
282 0.959038565577
283 0.958342994049
284 0.959115851302
285 0.957106422444
286 0.960352422907
287 0.958033851148
288 0.958883994126
289 0.95965685138
290 0.958111136873
291 0.95865213695
292 0.958111136873
293 0.959270422753
294 0.956024422289
295 0.95981142283
296 0.955251565036
297 0.957956565422
298 0.957570136796
299 0.958883994126
300 0.958265708324
