1 0.0943658706237
2 0.129917304274
3 0.165082309297
4 0.237730891104
5 0.28394775485
6 0.304814900692
7 0.358605765522
8 0.346394620918
9 0.409227915611
10 0.461086637307
11 0.470051781445
12 0.537367648205
13 0.546023649439
14 0.619445088506
15 0.635675090822
16 0.652677950394
17 0.658087951146
18 0.686915526716
19 0.689929670004
20 0.724321817779
21 0.738696962689
22 0.727876961116
23 0.756240822311
24 0.775098539291
25 0.745034392162
26 0.770152252897
27 0.811886544574
28 0.790091970027
29 0.815364402186
30 0.817296545319
31 0.825488832231
32 0.84287812043
33 0.832676404686
34 0.837236262453
35 0.841486977346
36 0.832599118934
37 0.845273977915
38 0.838009119734
39 0.863590694817
40 0.86436355207
41 0.849524692808
42 0.877579411101
43 0.874719839264
44 0.85478012213
45 0.869928124266
46 0.848751835527
47 0.879666125685
48 0.893422984793
49 0.888785841274
50 0.883143983297
51 0.881211840164
52 0.891027127308
53 0.874797124989
54 0.903701986289
55 0.906175129472
56 0.904783986416
57 0.901847128881
58 0.908416415534
59 0.907875415457
60 0.915526702237
61 0.913285416202
62 0.906484272373
63 0.916608702419
64 0.92039570296
65 0.922250560368
66 0.912976273328
67 0.916454130968
68 0.897287271055
69 0.908802844133
70 0.923487131973
71 0.915217559363
72 0.924723703578
73 0.914521987807
74 0.92750598969
75 0.92866527557
76 0.912435273223
77 0.934307133519
78 0.929051704196
79 0.931988561759
80 0.933379704815
81 0.93291599044
82 0.935698276574
83 0.932374990385
84 0.936780276729
85 0.932684133264
86 0.932838704737
87 0.931602133132
88 0.937166705356
89 0.931215704478
90 0.94249942038
91 0.940799134446
92 0.93345699054
93 0.940103562918
94 0.935698276551
95 0.92881984702
96 0.93809413406
97 0.944895277865
98 0.940258134369
99 0.942576706128
100 0.945049849316
101 0.939948991467
102 0.945204420767
103 0.940180848616
104 0.933534276265
105 0.93708941963
106 0.935079990749
107 0.946981992472
108 0.930751990153
109 0.945668135118
110 0.9357755623
111 0.948914135582
112 0.948295849803
113 0.947213849625
114 0.938944277038
115 0.945281706515
116 0.948063992627
117 0.94829584978
118 0.950150707187
119 0.950150707187
120 0.930520132954
121 0.929515418525
122 0.950768993013
123 0.951078135914
124 0.951696421717
125 0.950537135837
126 0.951309993067
127 0.930442847229
128 0.952469278947
129 0.950846278715
130 0.952005564618
131 0.951928278893
132 0.949532421385
133 0.95076899299
134 0.953473993376
135 0.950150707187
136 0.952623850421
137 0.951850993145
138 0.954555993554
139 0.95231470752
140 0.927119561063
141 0.952855707574
142 0.953242136224
143 0.954401422103
144 0.953319421949
145 0.952778421872
146 0.953551279125
147 0.916454130945
148 0.948141278352
149 0.954787850707
150 0.956333565214
151 0.950227992936
152 0.953783136301
153 0.956178993786
154 0.955637993709
155 0.95440142208
156 0.951773707419
157 0.946904706724
158 0.957029136765
159 0.938789705587
160 0.941417420226
161 0.956642708115
162 0.956565422413
163 0.955869850885
164 0.956256279488
165 0.955251565082
166 0.941030991599
167 0.956951851039
168 0.95826570837
169 0.95594713661
170 0.958033851194
171 0.956874565314
172 0.944276992063
173 0.958111136919
174 0.956333565237
175 0.957879279743
176 0.956178993786
177 0.955637993709
178 0.958883994172
179 0.959734137128
180 0.958497565523
181 0.957183708215
182 0.957338279666
183 0.957029136765
184 0.958188422644
185 0.955869850885
186 0.958033851194
187 0.958574851248
188 0.958652136973
189 0.958497565523
190 0.957956565445
191 0.959038565623
192 0.957183708192
193 0.959347708524
194 0.960275137228
195 0.960352422954
196 0.958961279875
197 0.909575701414
198 0.960970708756
199 0.958652136973
200 0.954169564927
201 0.95942499425
202 0.959502279975
203 0.959424994227
204 0.958574851271
205 0.958961279898
206 0.960120565755
207 0.958961279875
208 0.959811422876
209 0.960275137205
210 0.958652136996
211 0.959347708524
212 0.960816137306
213 0.957724708246
214 0.96135713736
215 0.960275137228
216 0.954710565005
217 0.930751990153
218 0.951464564495
219 0.960429708679
220 0.960661565855
221 0.9590385656
222 0.961975423162
223 0.956410850939
224 0.960816137282
225 0.959965994304
226 0.96135713736
227 0.958342994072
228 0.955637993686
229 0.949223278484
230 0.960816137306
231 0.960893423008
232 0.960893423031
233 0.960661565832
234 0.961666280261
235 0.959270422776
236 0.960429708679
237 0.960120565755
238 0.961820851712
239 0.96267099469
240 0.959965994327
241 0.962439137514
242 0.961588994536
243 0.961820851735
244 0.961820851712
245 0.960275137205
246 0.96251642324
247 0.958265708347
248 0.959888708579
249 0.95842027982
250 0.956488136664
251 0.948063992627
252 0.961511708833
253 0.959965994281
254 0.962439137514
255 0.960506994404
256 0.961588994559
257 0.961588994559
258 0.961434423108
259 0.962052708911
260 0.962439137514
261 0.962980137592
262 0.962052708888
263 0.926423989535
264 0.96267099469
265 0.962207280338
266 0.963211994791
267 0.963134709042
268 0.961666280284
269 0.962748280416
270 0.96267099469
271 0.962129994636
272 0.961125280207
273 0.962980137592
274 0.960197851457
275 0.962129994613
276 0.961511708833
277 0.96251642324
278 0.961820851712
279 0.96251642324
280 0.962439137537
281 0.963752994822
282 0.961975423162
283 0.954478707783
284 0.962284566041
285 0.962129994613
286 0.963134709042
287 0.963057423294
288 0.962825566141
289 0.962052708911
290 0.962748280439
291 0.962593708942
292 0.962207280338
293 0.962748280416
294 0.960352422907
295 0.962980137615
296 0.96305742334
297 0.963057423317
298 0.963134709042
299 0.962593708942
300 0.962593708965
