1 0.0932838704714
2 0.0887240126749
3 0.146301878043
4 0.192518741791
5 0.23154803309
6 0.281938325998
7 0.337274905332
8 0.378004482581
9 0.370739624405
10 0.446015920905
11 0.501970786042
12 0.54602364945
13 0.539145219889
14 0.58134322592
15 0.626168946609
16 0.635906948005
17 0.645722235117
18 0.685292526493
19 0.703918386297
20 0.712497101831
21 0.72123038877
22 0.744184249192
23 0.759409537082
24 0.767292681065
25 0.77200711031
26 0.784604683538
27 0.75199010745
28 0.792719684697
29 0.793492541974
30 0.816446402373
31 0.815596259394
32 0.821547260244
33 0.839168405619
34 0.840868691576
35 0.846124120898
36 0.835304119352
37 0.840327691498
38 0.861194837337
39 0.866991266736
40 0.849911121462
41 0.866372980933
42 0.862895123294
43 0.869309838496
44 0.876883839578
45 0.860421980083
46 0.886699126694
47 0.863204266218
48 0.891027127313
49 0.878661411283
50 0.893036556171
51 0.899992271451
52 0.894891413579
53 0.882448411801
54 0.88693098387
55 0.904552129245
56 0.868691552716
57 0.903006414738
58 0.891413555939
59 0.914908416439
60 0.913749130559
61 0.89520055648
62 0.914831130713
63 0.913749130559
64 0.911353273074
65 0.915603987966
66 0.916067702318
67 0.921477703091
68 0.912744416129
69 0.92116856019
70 0.919468274233
71 0.924028132027
72 0.923177989048
73 0.900378700077
74 0.923873560576
75 0.925882989435
76 0.921554988817
77 0.927815132568
78 0.932297704637
79 0.907488986807
80 0.924491846379
81 0.935234562199
82 0.934848133573
83 0.930210990053
84 0.933688847693
85 0.931524847384
86 0.934693562122
87 0.936161990903
88 0.938403276938
89 0.932143133186
90 0.939717134268
91 0.938635134114
92 0.942035706028
93 0.940412705796
94 0.936239276629
95 0.938325991212
96 0.93059741868
97 0.936161990903
98 0.938171419762
99 0.940412705796
100 0.941881134577
101 0.930365561504
102 0.940799134423
103 0.943890563436
104 0.942653991831
105 0.943194991908
106 0.943967849161
107 0.943967849161
108 0.94365870626
109 0.943581420535
110 0.944740706415
111 0.943735991985
112 0.946904706724
113 0.946363706646
114 0.941803848852
115 0.948063992604
116 0.945745420844
117 0.93191127601
118 0.946904706724
119 0.944895277865
120 0.942035706028
121 0.948682278406
122 0.94613184947
123 0.948682278406
124 0.951155421617
125 0.948141278329
126 0.948063992604
127 0.948604992681
128 0.942808563281
129 0.950150707187
130 0.950614421539
131 0.946750135273
132 0.949377849934
133 0.911662415998
134 0.949841564286
135 0.949841564286
136 0.932065847461
137 0.953783136278
138 0.940412705796
139 0.953164850475
140 0.952082850321
141 0.949377849934
142 0.953164850475
143 0.947909421153
144 0.951464564518
145 0.952623850398
146 0.954092279179
147 0.948682278406
148 0.951309993067
149 0.948141278329
150 0.955715279411
151 0.954014993454
152 0.950923564441
153 0.952932993299
154 0.952778421849
155 0.951000850189
156 0.935311847925
157 0.953319421926
158 0.953705850552
159 0.953319421926
160 0.951464564518
161 0.95424685063
162 0.953473993376
163 0.954787850707
164 0.954787850707
165 0.955715279411
166 0.94404513491
167 0.954324136355
168 0.956024422312
169 0.95424685063
170 0.955251565059
171 0.952391993222
172 0.953473993376
173 0.95656542239
174 0.953010279025
175 0.955328850784
176 0.953783136278
177 0.954092279179
178 0.952623850398
179 0.958265708347
180 0.955792565136
181 0.95671999384
182 0.950846278715
183 0.955251565059
184 0.953705850552
185 0.955251565059
186 0.958033851171
187 0.955019707883
188 0.958265708347
189 0.947754849702
190 0.956874565291
191 0.953010279025
192 0.955715279411
193 0.954865136432
194 0.953473993376
195 0.958342994072
196 0.958033851171
197 0.95671999384
198 0.95656542239
199 0.957801993995
200 0.955096993608
201 0.956797279566
202 0.956178993763
203 0.958806708424
204 0.956256279488
205 0.956410850939
206 0.957415565368
207 0.957492851093
208 0.957415565368
209 0.953937707728
210 0.959811422853
211 0.958574851248
212 0.957415565368
213 0.956874565291
214 0.958033851171
215 0.957183708192
216 0.957956565445
217 0.939407991367
218 0.958342994072
219 0.938325991212
220 0.959579565677
221 0.958883994149
222 0.958265708347
223 0.9590385656
224 0.958342994072
225 0.957570136819
226 0.957724708269
227 0.958420279797
228 0.95246927897
229 0.957724708269
230 0.958729422699
231 0.955096993608
232 0.959193137051
233 0.959347708501
234 0.959347708501
235 0.959888708579
236 0.958420279797
237 0.958265708347
238 0.958420279797
239 0.90926655849
240 0.959347708501
241 0.9590385656
242 0.959115851325
243 0.942499420403
244 0.956256279488
245 0.959347708501
246 0.957956565445
247 0.959347708501
248 0.958342994072
249 0.959270422776
250 0.958342994072
251 0.959734137128
252 0.954865136432
253 0.959579565677
254 0.959656851403
255 0.957956565445
256 0.959115851325
257 0.959656851403
258 0.958806708424
259 0.958883994149
260 0.958188422621
261 0.958806708424
262 0.9590385656
263 0.958729422699
264 0.960352422931
265 0.958806708424
266 0.96019785148
267 0.960584280107
268 0.945977278043
269 0.959424994227
270 0.952237421748
271 0.959888708579
272 0.960893423008
273 0.960043280029
274 0.96019785148
275 0.960120565755
276 0.929592704251
277 0.960275137205
278 0.959888708579
279 0.960120565755
280 0.960275137205
281 0.957956565445
282 0.958961279875
283 0.960352422931
284 0.961047994458
285 0.961434423085
286 0.960506994381
287 0.961434423085
288 0.960352422931
289 0.960970708733
290 0.959888708579
291 0.959656851403
292 0.959115851325
293 0.960043280029
294 0.960584280107
295 0.960506994381
296 0.958033851171
297 0.960043280029
298 0.960120565755
299 0.960893423008
300 0.959965994304
