1 0.10534044362
2 0.113841873408
3 0.172269881753
4 0.196924028134
5 0.284488754929
6 0.283793183401
7 0.334183476319
8 0.359842337123
9 0.397403199636
10 0.431408918777
11 0.459077208449
12 0.492619213243
13 0.520983074417
14 0.549578792808
15 0.598346085492
16 0.600046371444
17 0.604451657793
18 0.655846665135
19 0.670994667303
20 0.684828812137
21 0.697658242513
22 0.686606383847
23 0.740165391443
24 0.735141819297
25 0.758868537004
26 0.756240822366
27 0.765205966476
28 0.799134399899
29 0.805008115024
30 0.808563258389
31 0.796506685206
32 0.825875260862
33 0.836308833781
34 0.819846974287
35 0.829198547051
36 0.85369812198
37 0.84774712113
38 0.867764123989
39 0.845969549447
40 0.86250869469
41 0.855630265136
42 0.876342839524
43 0.827807404019
44 0.86212226604
45 0.882448411801
46 0.862895123317
47 0.875956410897
48 0.876651982425
49 0.889945127158
50 0.87866141126
51 0.884071412033
52 0.904165700618
53 0.901074271605
54 0.896437128085
55 0.90694798673
56 0.897828271141
57 0.889945127158
58 0.913439987657
59 0.919777417134
60 0.919159131331
61 0.901460700255
62 0.918927274179
63 0.925032846456
64 0.906793415275
65 0.923409846224
66 0.911044130172
67 0.923177989048
68 0.928742561272
69 0.914831130713
70 0.915913130891
71 0.92711956104
72 0.93175670456
73 0.930133704328
74 0.933225133341
75 0.929515418548
76 0.931911276033
77 0.91691784532
78 0.935311847948
79 0.936625705255
80 0.937630419708
81 0.938171419785
82 0.936393848079
83 0.935775562277
84 0.934770847847
85 0.923177989071
86 0.938325991235
87 0.940335420071
88 0.92170956029
89 0.942576706105
90 0.944354277788
91 0.939330705665
92 0.897828271141
93 0.946054563768
94 0.928278846943
95 0.942190277479
96 0.938016848334
97 0.912512558953
98 0.94365870626
99 0.933302419089
100 0.946054563768
101 0.946363706669
102 0.94829584978
103 0.948295849803
104 0.942190277479
105 0.942112991753
106 0.945358992217
107 0.945899992294
108 0.94613184947
109 0.940412705796
110 0.949841564286
111 0.950382564386
112 0.950614421539
113 0.95076899299
114 0.934461704969
115 0.951773707419
116 0.951850993145
117 0.946363706646
118 0.95076899299
119 0.930442847225
120 0.950846278715
121 0.944586134964
122 0.953396707651
123 0.948759564132
124 0.953937707728
125 0.951541850243
126 0.95308756475
127 0.94829584978
128 0.952469278947
129 0.953319421926
130 0.953164850475
131 0.952391993245
132 0.953551279102
133 0.950923564441
134 0.956410850962
135 0.95308756475
136 0.955019707883
137 0.955019707883
138 0.956410850939
139 0.953396707651
140 0.953473993376
141 0.95656542239
142 0.952082850344
143 0.954478707806
144 0.952623850398
145 0.956410850939
146 0.958033851171
147 0.955869850862
148 0.953319421926
149 0.956256279488
150 0.923796274874
151 0.95671999384
152 0.956256279488
153 0.95656542239
154 0.956951851016
155 0.958111136896
156 0.957956565445
157 0.924182703501
158 0.951078135891
159 0.958033851171
160 0.959115851348
161 0.95726099394
162 0.958033851171
163 0.958497565523
164 0.959888708579
165 0.957956565445
166 0.958342994072
167 0.958342994095
168 0.957801993995
169 0.957879279743
170 0.95826570837
171 0.957492851093
172 0.959734137128
173 0.959811422853
174 0.960738851557
175 0.95842027982
176 0.958188422621
177 0.958265708347
178 0.957956565468
179 0.959579565677
180 0.959888708579
181 0.960275137205
182 0.960816137282
183 0.960661565832
184 0.960738851557
185 0.959270422776
186 0.960816137282
187 0.961588994536
188 0.956333565214
189 0.958111136896
190 0.958111136896
191 0.959811422853
192 0.955251565059
193 0.959734137128
194 0.959347708524
195 0.960275137205
196 0.958188422621
197 0.957183708192
198 0.960043280029
199 0.958111136896
200 0.958265708347
201 0.960429708656
202 0.961743565986
203 0.95015070721
204 0.961047994458
205 0.961743565986
206 0.961743565986
207 0.960816137282
208 0.960120565755
209 0.935466419398
210 0.96058428013
211 0.960584280107
212 0.960661565832
213 0.959811422853
214 0.961820851712
215 0.960429708656
216 0.963521137669
217 0.960506994381
218 0.96151170881
219 0.959579565677
220 0.961898137437
221 0.962593708965
222 0.962980137592
223 0.959115851325
224 0.962129994613
225 0.959811422853
226 0.94845042123
227 0.956410850939
228 0.960120565755
229 0.962129994613
230 0.945745420867
231 0.961743565986
232 0.961047994458
233 0.960275137205
234 0.961666280261
235 0.933225133341
236 0.960429708679
237 0.963598423394
238 0.962825566141
239 0.962284566064
240 0.961975423185
241 0.96251642324
242 0.962748280416
243 0.962129994613
244 0.962052708888
245 0.962593708965
246 0.962129994613
247 0.960893423008
248 0.961125280184
249 0.963289280493
250 0.962902851866
251 0.959270422776
252 0.963057423317
253 0.957260993917
254 0.962284566064
255 0.962825566141
256 0.962052708888
257 0.962129994613
258 0.963443851944
259 0.962593708965
260 0.96267099469
261 0.962439137514
262 0.962361851812
263 0.960738851557
264 0.963521137669
265 0.962284566064
266 0.962207280361
267 0.961743565986
268 0.962284566064
269 0.957492851093
270 0.963443851944
271 0.962439137514
272 0.96367570912
273 0.963984852021
274 0.96267099469
275 0.959579565677
276 0.963752994845
277 0.96383028057
278 0.962361851789
279 0.964062137746
280 0.96267099469
281 0.962052708888
282 0.961588994536
283 0.962980137592
284 0.962980137592
285 0.963598423394
286 0.962284566064
287 0.962902851866
288 0.955483422235
289 0.954169564927
290 0.961202565932
291 0.962129994613
292 0.962748280416
293 0.96251642324
294 0.96267099469
295 0.962207280338
296 0.963598423394
297 0.963521137669
298 0.962593708965
299 0.960738851557
300 0.964062137746
