1 0.0571141510163
2 0.147383878202
3 0.175825025122
4 0.238658319815
5 0.277069325303
6 0.33101476158
7 0.339902619995
8 0.373985624864
9 0.466728495258
10 0.453358064777
11 0.471288353053
12 0.528325218344
13 0.548574078382
14 0.581420511643
15 0.589612798528
16 0.660483808654
17 0.650745807261
18 0.684055954879
19 0.70569595797
20 0.700904242977
21 0.727413246764
22 0.759950537154
23 0.730272818629
24 0.778962825585
25 0.762887394689
26 0.779581111387
27 0.802071257457
28 0.757322822498
29 0.769611252792
30 0.825334260753
31 0.833062833341
32 0.818996831304
33 0.82216554607
34 0.840404977247
35 0.834994976419
36 0.863590694845
37 0.832830976142
38 0.855630265136
39 0.821701831695
40 0.851456835941
41 0.800602828648
42 0.875338125071
43 0.885385269387
44 0.885694412265
45 0.892418270369
46 0.894195842051
47 0.879125125612
48 0.889867841433
49 0.886158126617
50 0.89581884226
51 0.904783986421
52 0.905170415047
53 0.908570986962
54 0.898832985571
55 0.916222273769
56 0.900610557253
57 0.913594559108
58 0.915140273615
59 0.912976273305
60 0.916608702396
61 0.919545559958
62 0.912744416129
63 0.918927274156
64 0.906561558103
65 0.920163845761
66 0.858798979851
67 0.925341989358
68 0.924723703555
69 0.895973413734
70 0.907875415411
71 0.928356132645
72 0.930674704405
73 0.930520132954
74 0.926733132413
75 0.933225133341
76 0.912048844601
77 0.918386274078
78 0.934925419298
79 0.931447561658
80 0.934616276397
81 0.936007419453
82 0.938094134036
83 0.931524847384
84 0.937321276783
85 0.940489991522
86 0.912976273305
87 0.940489991522
88 0.915913130868
89 0.940258134346
90 0.929283561349
91 0.942731277556
92 0.940489991522
93 0.940103562872
94 0.93732127676
95 0.942422134655
96 0.941881134554
97 0.940489991522
98 0.944586134964
99 0.946750135273
100 0.929979132877
101 0.945899992294
102 0.947986706878
103 0.931138418757
104 0.946827420998
105 0.94613184947
106 0.945281706492
107 0.948759564132
108 0.948063992604
109 0.947059278151
110 0.9471365639
111 0.940180848597
112 0.946595563822
113 0.936780276706
114 0.921941417443
115 0.943967849138
116 0.949918850011
117 0.951000850143
118 0.952391993199
119 0.948991421284
120 0.952160136023
121 0.952855707574
122 0.952701136123
123 0.953164850475
124 0.952237421748
125 0.954014993431
126 0.948991421284
127 0.952082850321
128 0.953937707728
129 0.952391993222
130 0.934925419298
131 0.943813277688
132 0.949455135659
133 0.952623850398
134 0.928665275524
135 0.952932993276
136 0.947600278252
137 0.954092279156
138 0.952391993199
139 0.953396707651
140 0.952391993199
141 0.954169564881
142 0.95022799289
143 0.952005564572
144 0.893809413401
145 0.953319421903
146 0.956024422289
147 0.954014993454
148 0.955715279411
149 0.952778421825
150 0.949764278538
151 0.954633279233
152 0.955869850839
153 0.957106422444
154 0.956797279542
155 0.955560707937
156 0.949377849911
157 0.950768992967
158 0.952469278924
159 0.935234562176
160 0.956410850916
161 0.952160136046
162 0.957029136718
163 0.957260993894
164 0.954169564881
165 0.955483422235
166 0.957415565345
167 0.956719993817
168 0.956410850939
169 0.940258134323
170 0.95501970786
171 0.953010279001
172 0.957570136796
173 0.952469278924
174 0.95733827962
175 0.954478707783
176 0.956024422289
177 0.95501970786
178 0.915681273669
179 0.95865213695
180 0.957724708246
181 0.957570136796
182 0.956642708092
183 0.954787850684
184 0.956101708015
185 0.945977277997
186 0.956874565268
187 0.957260993894
188 0.95501970786
189 0.957570136796
190 0.956797279542
191 0.9413401345
192 0.958420279774
193 0.958033851148
194 0.959115851302
195 0.960197851457
196 0.958806708401
197 0.9584975655
198 0.959424994204
199 0.959270422753
200 0.959579565654
201 0.960120565732
202 0.960197851457
203 0.953010279001
204 0.956410850916
205 0.898755699822
206 0.959424994204
207 0.960661565809
208 0.952778421825
209 0.960352422907
210 0.959115851302
211 0.960120565732
212 0.959965994281
213 0.955947136587
214 0.959424994204
215 0.960275137182
216 0.959579565654
217 0.957879279697
218 0.957724708246
219 0.958342994049
220 0.958033851148
221 0.960275137182
222 0.960584280083
223 0.960352422907
224 0.960816137259
225 0.956024422289
226 0.961743565963
227 0.959424994204
228 0.961511708787
229 0.961125280161
230 0.960893422985
231 0.961279851611
232 0.960661565809
233 0.961588994513
234 0.960893422985
235 0.960738851534
236 0.958420279774
237 0.961743565963
238 0.961820851689
239 0.961202565886
240 0.961511708787
241 0.960197851457
242 0.961047994435
243 0.960738851534
244 0.959502279929
245 0.960043280006
246 0.891336270191
247 0.957570136796
248 0.960893422985
249 0.961511708787
250 0.95617899374
251 0.961125280161
252 0.96097070871
253 0.960429708633
254 0.96097070871
255 0.961898137414
256 0.961511708787
257 0.961434423062
258 0.961047994435
259 0.961202565886
260 0.960738851534
261 0.961511708787
262 0.963057423294
263 0.960584280083
264 0.961511708787
265 0.961666280238
266 0.962361851766
267 0.961202565886
268 0.961125280161
269 0.962207280315
270 0.96328928047
271 0.961820851689
272 0.961588994513
273 0.961820851689
274 0.962284566041
275 0.962207280315
276 0.96097070871
277 0.96212999459
278 0.962439137491
279 0.961588994513
280 0.962825566118
281 0.962284566041
282 0.961511708787
283 0.962825566118
284 0.962207280315
285 0.961743565963
286 0.961975423139
287 0.962748280393
288 0.962361851766
289 0.961898137414
290 0.962670994667
291 0.961357137337
292 0.962593708942
293 0.961588994513
294 0.962439137491
295 0.962052708865
296 0.962902851843
297 0.963211994745
298 0.962825566118
299 0.961666280238
300 0.962593708942
