1 0.105263157895
2 0.141046448721
3 0.152871164698
4 0.188113455447
5 0.267485895357
6 0.306669758098
7 0.324059046296
8 0.359610479947
9 0.400803771548
10 0.437514491078
11 0.43627791948
12 0.508385501205
13 0.536981219578
14 0.616276373765
15 0.604528943516
16 0.654841950706
17 0.686992812474
18 0.697039956738
19 0.709019244159
20 0.726331246637
21 0.732436818938
22 0.722930674695
23 0.731277533086
24 0.775871396571
25 0.782595254679
26 0.719220959879
27 0.798593399845
28 0.807094829608
29 0.807326686779
30 0.804312543492
31 0.813973259157
32 0.831439833086
33 0.835072262199
34 0.837622691112
35 0.849215549934
36 0.847824406878
37 0.840791405827
38 0.84295540616
39 0.853002550429
40 0.870469124399
41 0.865445552207
42 0.820542545792
43 0.863745266249
44 0.875492696499
45 0.878274982611
46 0.880902697272
47 0.889635984234
48 0.883607697681
49 0.88391684056
50 0.899064842724
51 0.857639693972
52 0.885539840814
53 0.90524770075
54 0.899760414251
55 0.90524770075
56 0.873560553366
57 0.899605842824
58 0.903238271891
59 0.899528557099
60 0.917458845351
61 0.904783986398
62 0.912280701754
63 0.916222273746
64 0.907179843883
65 0.914521987812
66 0.918618131254
67 0.900301414329
68 0.92425998918
69 0.914367416338
70 0.925264703609
71 0.908339129763
72 0.925960275137
73 0.927815132545
74 0.924800989257
75 0.901383414483
76 0.928665275524
77 0.926269418038
78 0.917458845351
79 0.930520132931
80 0.934152562022
81 0.93252956179
82 0.91653141667
83 0.935079990726
84 0.925264703609
85 0.935852847979
86 0.916454130922
87 0.937553133936
88 0.937398562486
89 0.937012133859
90 0.938016848288
91 0.940489991499
92 0.935157276451
93 0.940258134323
94 0.941649277378
95 0.935234562176
96 0.934770847824
97 0.941803848829
98 0.940644562949
99 0.932838704691
100 0.931215704482
101 0.941494705928
102 0.929901847152
103 0.934693562099
104 0.942499420357
105 0.943735991962
106 0.946054563722
107 0.943890563413
108 0.945513563645
109 0.942963134709
110 0.942422134632
111 0.94195842028
112 0.947213849602
113 0.946595563822
114 0.945745420821
115 0.948914135559
116 0.946981992426
117 0.947600278229
118 0.946518278074
119 0.946440992349
120 0.948373135482
121 0.944045134864
122 0.946518278074
123 0.949300564186
124 0.948836849834
125 0.949532421362
126 0.948604992658
127 0.948836849834
128 0.949377849911
129 0.939562562795
130 0.949764278538
131 0.9175361311
132 0.95038256434
133 0.952623850375
134 0.953628564804
135 0.940335420071
136 0.946904706701
137 0.951619135946
138 0.9527011361
139 0.951773707396
140 0.947213849602
141 0.947368421076
142 0.950459850066
143 0.952082850298
144 0.953705850529
145 0.948682278383
146 0.952623850375
147 0.948914135559
148 0.953473993353
149 0.954246850607
150 0.955251565036
151 0.954633279233
152 0.953473993353
153 0.947368421053
154 0.95617899374
155 0.952932993276
156 0.955251565036
157 0.94906870701
158 0.954942422135
159 0.954710564959
160 0.956797279542
161 0.956719993817
162 0.957106422444
163 0.956256279465
164 0.955251565036
165 0.957647422521
166 0.952469278924
167 0.954710564959
168 0.95617899374
169 0.957106422444
170 0.901460700209
171 0.95138727877
172 0.94790942113
173 0.955406136487
174 0.955096993585
175 0.954710564959
176 0.956874565268
177 0.958883994126
178 0.949300564186
179 0.955715279388
180 0.957029136718
181 0.958574851225
182 0.954324136355
183 0.957260993894
184 0.957801993972
185 0.957570136796
186 0.954246850607
187 0.957956565422
188 0.953010279001
189 0.954942422135
190 0.9584975655
191 0.957801993972
192 0.957724708269
193 0.959115851302
194 0.957570136796
195 0.958806708401
196 0.954555993508
197 0.95981142283
198 0.952391993199
199 0.95981142283
200 0.958188422598
201 0.959734137105
202 0.957260993894
203 0.958574851225
204 0.958420279774
205 0.960275137182
206 0.956951850993
207 0.959424994204
208 0.9584975655
209 0.957879279697
210 0.957647422521
211 0.959579565654
212 0.95981142283
213 0.957183708169
214 0.959424994204
215 0.958188422598
216 0.959347708478
217 0.957106422444
218 0.957956565422
219 0.961047994435
220 0.959579565654
221 0.960043280006
222 0.959347708478
223 0.960043280006
224 0.960275137182
225 0.958265708324
226 0.961047994435
227 0.96097070871
228 0.960429708633
229 0.96097070871
230 0.961202565886
231 0.961743565963
232 0.959734137105
233 0.959270422753
234 0.960275137182
235 0.960893422985
236 0.959115851302
237 0.960738851534
238 0.959888708556
239 0.961666280238
240 0.961588994513
241 0.960738851534
242 0.961898137414
243 0.961898137414
244 0.962593708942
245 0.960120565732
246 0.960661565809
247 0.961202565886
248 0.96097070871
249 0.960893422985
250 0.962284566041
251 0.961975423139
252 0.959424994227
253 0.961588994513
254 0.962825566118
255 0.96097070871
256 0.963211994745
257 0.962052708865
258 0.94613184947
259 0.962052708865
260 0.962670994667
261 0.96212999459
262 0.961588994513
263 0.960429708633
264 0.95965685138
265 0.961820851689
266 0.961357137337
267 0.961820851712
268 0.962207280315
269 0.959734137105
270 0.961820851689
271 0.960738851534
272 0.961666280238
273 0.961279851611
274 0.961357137337
275 0.963675709097
276 0.958574851225
277 0.961588994513
278 0.958806708401
279 0.961820851689
280 0.962670994667
281 0.961666280238
282 0.962980137569
283 0.9584975655
284 0.961820851712
285 0.96328928047
286 0.960275137182
287 0.963752994822
288 0.961047994435
289 0.960120565755
290 0.960043280029
291 0.958729422676
292 0.962902851843
293 0.959270422753
294 0.963598423371
295 0.962748280393
296 0.962902851843
297 0.962593708942
298 0.963211994745
299 0.963211994745
300 0.963057423294
