1 0.0610557230103
2 0.0799134399899
3 0.122807017546
4 0.172424453206
5 0.237499033935
6 0.253651750526
7 0.325372903634
8 0.370662338678
9 0.380091197167
10 0.354355050629
11 0.425226060737
12 0.479016925588
13 0.532575933216
14 0.570755081555
15 0.581806940249
16 0.609243372767
17 0.630110518606
18 0.661565808841
19 0.651595950246
20 0.721153103045
21 0.721153103045
22 0.757709251124
23 0.729036247051
24 0.788314398354
25 0.766828966713
26 0.803075971891
27 0.81180925883
28 0.786073112296
29 0.822551974696
30 0.828193832599
31 0.846742406677
32 0.84388283484
33 0.862663266095
34 0.842259834609
35 0.867532266813
36 0.870237267177
37 0.851456835945
38 0.864518123503
39 0.875415410797
40 0.85964912283
41 0.885926269418
42 0.822551974673
43 0.881984697449
44 0.876110982325
45 0.898369271196
46 0.901074271582
47 0.890717984388
48 0.906329700904
49 0.900069557153
50 0.901692557385
51 0.907798129685
52 0.893654841974
53 0.892109127467
54 0.913826416261
55 0.916299559471
56 0.917304273901
57 0.910734987248
58 0.918927274132
59 0.918849988407
60 0.922559703223
61 0.923332560476
62 0.926114846588
63 0.922559703223
64 0.924182703455
65 0.929283561326
66 0.926501275214
67 0.932374990339
68 0.919004559858
69 0.932684133241
70 0.930983847283
71 0.913130844756
72 0.933225133318
73 0.934770847824
74 0.93484813355
75 0.937398562486
76 0.934538990648
77 0.91869541698
78 0.929901847129
79 0.930597418657
80 0.941030991576
81 0.93848056264
82 0.921554988794
83 0.932838704691
84 0.937707705387
85 0.942267563181
86 0.92657856094
87 0.93732127676
88 0.939948991421
89 0.929747275678
90 0.93848056264
91 0.945745420821
92 0.944817992117
93 0.945513563645
94 0.946440992349
95 0.94211299173
96 0.945204420743
97 0.929128989899
98 0.947368421053
99 0.940026277147
100 0.950459850066
101 0.948527706933
102 0.945204420743
103 0.939176134168
104 0.948141278306
105 0.950459850066
106 0.946518278074
107 0.950768992967
108 0.947754849679
109 0.950768992967
110 0.951000850143
111 0.951232707319
112 0.949300564186
113 0.944122420612
114 0.948373135482
115 0.952391993199
116 0.951078135868
117 0.952237421748
118 0.952623850375
119 0.954633279233
120 0.947368421053
121 0.950923564418
122 0.951309993044
123 0.95154185022
124 0.952082850298
125 0.925341989358
126 0.95501970786
127 0.952778421825
128 0.934461704923
129 0.954401422057
130 0.956642708092
131 0.954865136409
132 0.95501970786
133 0.922018703169
134 0.958188422598
135 0.955869850839
136 0.953551279079
137 0.956642708092
138 0.956719993817
139 0.955251565036
140 0.95386042198
141 0.954246850607
142 0.9584975655
143 0.957183708169
144 0.957801993972
145 0.9584975655
146 0.958265708324
147 0.951464564495
148 0.95733827962
149 0.957415565345
150 0.951696421671
151 0.956719993817
152 0.959424994204
153 0.959038565577
154 0.954092279156
155 0.960120565732
156 0.956410850916
157 0.959579565654
158 0.96097070871
159 0.961434423062
160 0.955174279311
161 0.961125280161
162 0.959734137105
163 0.960197851457
164 0.959734137105
165 0.954324136332
166 0.959888708556
167 0.936548419507
168 0.960738851534
169 0.954478707783
170 0.957029136718
171 0.95981142283
172 0.959347708478
173 0.95965685138
174 0.960661565809
175 0.95981142283
176 0.958420279774
177 0.96212999459
178 0.956951850993
179 0.960584280083
180 0.95981142283
181 0.961202565886
182 0.961202565886
183 0.962825566118
184 0.960506994358
185 0.962361851766
186 0.93252956179
187 0.958806708401
188 0.961511708787
189 0.961898137414
190 0.961666280238
191 0.962516423217
192 0.962207280315
193 0.963675709097
194 0.96212999459
195 0.960738851534
196 0.961898137414
197 0.960197851457
198 0.961434423062
199 0.962361851766
200 0.958265708324
201 0.963521137646
202 0.963907566273
203 0.961820851689
204 0.962748280393
205 0.963134709019
206 0.961434423062
207 0.955251565059
208 0.961588994513
209 0.963211994745
210 0.962825566118
211 0.963598423371
212 0.961588994513
213 0.963598423371
214 0.960584280083
215 0.962052708865
216 0.962748280393
217 0.962748280393
218 0.962284566041
219 0.957801993972
220 0.963443851921
221 0.960352422907
222 0.963984851998
223 0.964139423448
224 0.9646031378
225 0.962439137491
226 0.961743565963
227 0.957724708246
228 0.963134709019
229 0.961047994435
230 0.965066852152
231 0.965453280779
232 0.962439137491
233 0.962825566118
234 0.964062137723
235 0.964757709251
236 0.963907566273
237 0.96444856635
238 0.964834994976
239 0.964989566427
240 0.965066852152
241 0.965453280779
242 0.963057423294
243 0.965298709328
244 0.964912280702
245 0.964139423448
246 0.964834994976
247 0.963057423294
248 0.9646031378
249 0.960275137182
250 0.965375995054
251 0.965144137878
252 0.965144137878
253 0.964757709251
254 0.963984851998
255 0.963598423371
256 0.965453280779
257 0.965221423603
258 0.966303423758
259 0.965066852152
260 0.965375995054
261 0.964834994976
262 0.965221423603
263 0.963598423371
264 0.961666280238
265 0.965144137878
266 0.965839709406
267 0.964989566427
268 0.965839709406
269 0.963598423371
270 0.965685137955
271 0.96444856635
272 0.964757709251
273 0.965453280779
274 0.966071566582
275 0.965066852152
276 0.966612566659
277 0.965298709328
278 0.966612566659
279 0.96576242368
280 0.966148852307
281 0.966071566582
282 0.965221423603
283 0.964989566427
284 0.963134709019
285 0.966148852307
286 0.964680423526
287 0.94906870701
288 0.967076281011
289 0.96097070871
290 0.966457995208
291 0.96692170956
292 0.96576242368
293 0.965144137878
294 0.966303423758
295 0.967771852539
296 0.965453280779
297 0.966226138032
298 0.963521137646
299 0.965839709406
300 0.965685137955
