1 0.0823092974751
2 0.0789087255584
3 0.183399026207
4 0.190045598583
5 0.278460468361
6 0.308292758337
7 0.288584898374
8 0.413555916236
9 0.371203338755
10 0.488986784159
11 0.454362779185
12 0.554834222133
13 0.573150939012
14 0.633742947724
15 0.614807945019
16 0.644872092143
17 0.656155808013
18 0.662338666039
19 0.70353195767
20 0.732900533295
21 0.748125821179
22 0.753999536304
23 0.776644253825
24 0.774557539246
25 0.790864827312
26 0.787309683947
27 0.808022258335
28 0.774325682093
29 0.833758404846
30 0.8223974032
31 0.819924260035
32 0.828657546997
33 0.832830976119
34 0.853852693454
35 0.847437978228
36 0.864981837878
37 0.871628410279
38 0.854161836332
39 0.882602983252
40 0.873715124816
41 0.883839554857
42 0.885926269441
43 0.885076126439
44 0.876883839578
45 0.901306128804
46 0.894582270678
47 0.884535126362
48 0.903470129113
49 0.877656696831
50 0.904088414893
51 0.907952701159
52 0.859339979929
53 0.899760414275
54 0.87850683981
55 0.908957415588
56 0.899605842824
57 0.89945127135
58 0.916608702396
59 0.917381559649
60 0.920936703014
61 0.911739701677
62 0.899760414275
63 0.91769070255
64 0.925264703632
65 0.907643558235
66 0.894736842105
67 0.923023417598
68 0.925728417984
69 0.914985702164
70 0.922791560422
71 0.921245845915
72 0.923177989048
73 0.931988561736
74 0.926578560963
75 0.933920704869
76 0.931061133009
77 0.932065847461
78 0.869850838573
79 0.935698276551
80 0.936393848079
81 0.93307056189
82 0.93075199013
83 0.930983847306
84 0.922250560345
85 0.937862276861
86 0.915294845065
87 0.93902156274
88 0.941494705951
89 0.942653991831
90 0.941726563127
91 0.934538990671
92 0.943194991908
93 0.940258134346
94 0.931292990208
95 0.938403276938
96 0.945049849293
97 0.945436277943
98 0.930829275856
99 0.946209135196
100 0.946054563745
101 0.926964989566
102 0.945281706469
103 0.94729113535
104 0.930133704328
105 0.947986706855
106 0.944895277865
107 0.946440992372
108 0.94481799214
109 0.945899992294
110 0.945281706469
111 0.938403276915
112 0.950227992913
113 0.94481799214
114 0.949918850011
115 0.946518278074
116 0.950227992913
117 0.945127135041
118 0.949918849988
119 0.947986706878
120 0.939948991444
121 0.948527706956
122 0.949223278484
123 0.942576706105
124 0.948218564031
125 0.951000850143
126 0.952778421825
127 0.95154185022
128 0.951000850166
129 0.945513563668
130 0.948914135559
131 0.952778421825
132 0.934307133495
133 0.952237421748
134 0.948063992581
135 0.953396707651
136 0.948373135505
137 0.952314707497
138 0.955174279311
139 0.953705850552
140 0.955328850784
141 0.949686992812
142 0.9527011361
143 0.95154185022
144 0.954014993454
145 0.950846278692
146 0.951619135969
147 0.950614421516
148 0.953937707705
149 0.946054563722
150 0.953937707705
151 0.949377849934
152 0.95556070796
153 0.956256279488
154 0.954014993454
155 0.953937707728
156 0.952855707574
157 0.942267563181
158 0.956410850939
159 0.945281706492
160 0.956797279566
161 0.957647422544
162 0.957029136741
163 0.955947136587
164 0.958111136873
165 0.956101708015
166 0.957647422544
167 0.95787927972
168 0.940644562972
169 0.954014993431
170 0.956797279566
171 0.957801993972
172 0.955328850784
173 0.9584975655
174 0.956024422312
175 0.956101708038
176 0.953242136177
177 0.958883994126
178 0.958420279797
179 0.957260993917
180 0.941958420303
181 0.957724708246
182 0.952005564595
183 0.958497565523
184 0.9590385656
185 0.958111136873
186 0.959579565677
187 0.954633279233
188 0.959347708501
189 0.959965994281
190 0.947832135428
191 0.95981142283
192 0.960738851534
193 0.956642708092
194 0.9590385656
195 0.95192827887
196 0.952082850321
197 0.958961279875
198 0.957183708192
199 0.959734137128
200 0.960429708656
201 0.960506994358
202 0.958883994149
203 0.958961279852
204 0.93716670531
205 0.953164850452
206 0.956951850993
207 0.959811422853
208 0.958806708401
209 0.95965685138
210 0.960352422931
211 0.959656851403
212 0.961047994458
213 0.960197851457
214 0.961047994435
215 0.960275137205
216 0.959965994304
217 0.961434423062
218 0.960816137282
219 0.959193137051
220 0.945049849293
221 0.960043280006
222 0.960661565832
223 0.960429708656
224 0.960738851534
225 0.957106422444
226 0.960661565809
227 0.959270422753
228 0.960893422985
229 0.961279851634
230 0.960120565732
231 0.960506994358
232 0.959270422753
233 0.962052708865
234 0.961975423162
235 0.960970708733
236 0.958961279852
237 0.960816137259
238 0.96135713736
239 0.96212999459
240 0.960893422985
241 0.948063992604
242 0.961743565963
243 0.961588994513
244 0.961279851611
245 0.960738851557
246 0.959734137105
247 0.962361851766
248 0.959424994227
249 0.960738851557
250 0.961279851634
251 0.962284566064
252 0.959502279929
253 0.961279851611
254 0.961588994536
255 0.961975423139
256 0.961434423085
257 0.959424994204
258 0.917536131123
259 0.960738851557
260 0.961975423139
261 0.955096993608
262 0.962516423217
263 0.961975423139
264 0.96151170881
265 0.961898137414
266 0.961975423139
267 0.961820851689
268 0.958033851171
269 0.960275137182
270 0.961820851689
271 0.962284566041
272 0.962129994613
273 0.962052708865
274 0.96151170881
275 0.962207280338
276 0.961666280261
277 0.956410850916
278 0.962516423217
279 0.961898137414
280 0.957879279697
281 0.955792565136
282 0.960893423008
283 0.963521137646
284 0.962361851766
285 0.960970708733
286 0.963057423294
287 0.962593708965
288 0.962439137491
289 0.958033851148
290 0.961743565986
291 0.962284566041
292 0.962902851843
293 0.961820851689
294 0.960893422985
295 0.962593708942
296 0.96328928047
297 0.958574851225
298 0.961743565963
299 0.963134709019
300 0.962670994667
