1 0.0728031532599
2 0.112141587456
3 0.15403045058
4 0.204188886317
5 0.247546178228
6 0.297936471141
7 0.335961047999
8 0.38225519747
9 0.420511631506
10 0.417961202573
11 0.470979210149
12 0.481490068798
13 0.547569363952
14 0.584125512032
15 0.603601514814
16 0.603060514734
17 0.665584666531
18 0.681969240295
19 0.683360383351
20 0.707782672559
21 0.730581961558
22 0.710874101544
23 0.738928819865
24 0.747043821052
25 0.742020248878
26 0.792642398967
27 0.793415256248
28 0.800370971528
29 0.812813973305
30 0.817451116825
31 0.79619754236
32 0.826184403764
33 0.833835690571
34 0.811654687402
35 0.827575546815
36 0.832599118966
37 0.835381405101
38 0.857639693972
39 0.857794265445
40 0.796661256684
41 0.826261689489
42 0.853311693349
43 0.84604683515
44 0.878738696963
45 0.857175979615
46 0.868305124067
47 0.874333410642
48 0.862431408942
49 0.855321122235
50 0.853157121926
51 0.849988407187
52 0.899373985648
53 0.890640698709
54 0.878274982634
55 0.873560553389
56 0.902310843187
57 0.909498415643
58 0.897982842592
59 0.858567122699
60 0.888322126926
61 0.912744416106
62 0.915835845119
63 0.912280701754
64 0.909498415643
65 0.920395702914
66 0.91946827421
67 0.911585130226
68 0.909807558567
69 0.923023417575
70 0.924800989257
71 0.924800989257
72 0.928356132622
73 0.929901847129
74 0.923409846201
75 0.933147847593
76 0.930520132931
77 0.930056418579
78 0.876420125249
79 0.911971558876
80 0.924337274905
81 0.909730272842
82 0.935466419352
83 0.934307133472
84 0.93137027591
85 0.935311847902
86 0.937784991112
87 0.937862276837
88 0.927274132491
89 0.931833990262
90 0.899296699946
91 0.942963134709
92 0.940644562949
93 0.932684133264
94 0.925341989335
95 0.939098848443
96 0.933456990494
97 0.943890563413
98 0.939717134245
99 0.898910271291
100 0.94427699204
101 0.946827420975
102 0.926964989566
103 0.938403276915
104 0.946672849525
105 0.944740706392
106 0.945513563645
107 0.945822706546
108 0.946131849447
109 0.93732127676
110 0.94559084937
111 0.948682278383
112 0.940644562949
113 0.945436277943
114 0.944508849216
115 0.950614421516
116 0.94311770616
117 0.946981992426
118 0.925573846557
119 0.949532421362
120 0.948682278383
121 0.945899992294
122 0.946209135196
123 0.952778421825
124 0.951155421594
125 0.94960970711
126 0.948295849757
127 0.952932993276
128 0.946363706623
129 0.952778421825
130 0.94922327846
131 0.939021562717
132 0.949686992812
133 0.95138727877
134 0.945513563645
135 0.954246850607
136 0.953551279079
137 0.953937707705
138 0.95501970786
139 0.955869850839
140 0.954942422135
141 0.953319421903
142 0.954401422057
143 0.954787850684
144 0.955715279388
145 0.94790942113
146 0.952932993276
147 0.956951850993
148 0.955174279311
149 0.940258134369
150 0.956642708092
151 0.955560707937
152 0.957647422521
153 0.957260993894
154 0.955947136564
155 0.957570136796
156 0.95501970786
157 0.955715279388
158 0.951078135868
159 0.951696421671
160 0.949686992812
161 0.95749285107
162 0.944045134864
163 0.957260993894
164 0.95733827962
165 0.955174279311
166 0.958420279774
167 0.956333565191
168 0.959270422753
169 0.939948991421
170 0.948373135482
171 0.95865213695
172 0.951850993122
173 0.95965685138
174 0.957724708246
175 0.959115851302
176 0.960043280006
177 0.949841564263
178 0.960275137182
179 0.95981142283
180 0.942963134709
181 0.958111136873
182 0.9584975655
183 0.95981142283
184 0.958342994049
185 0.956642708092
186 0.94906870701
187 0.960352422907
188 0.960893422985
189 0.959734137105
190 0.939253419893
191 0.959579565654
192 0.959038565577
193 0.957647422521
194 0.956951850993
195 0.96097070871
196 0.957106422444
197 0.960197851457
198 0.960816137259
199 0.959347708478
200 0.932993276165
201 0.960584280083
202 0.956719993817
203 0.960816137259
204 0.961511708787
205 0.951850993122
206 0.961357137337
207 0.959115851302
208 0.960816137259
209 0.959734137105
210 0.961820851689
211 0.95501970786
212 0.959734137105
213 0.95965685138
214 0.961588994513
215 0.961357137337
216 0.961202565886
217 0.961125280161
218 0.959502279929
219 0.960738851534
220 0.960197851457
221 0.961975423139
222 0.961047994435
223 0.961898137414
224 0.945668135095
225 0.918386274078
226 0.961743565963
227 0.959115851302
228 0.957029136718
229 0.963057423294
230 0.95981142283
231 0.96097070871
232 0.957183708169
233 0.956642708092
234 0.956488136664
235 0.962207280315
236 0.962670994667
237 0.960043280006
238 0.960275137182
239 0.962593708942
240 0.960816137259
241 0.962361851766
242 0.963675709097
243 0.961434423062
244 0.962361851766
245 0.962748280393
246 0.962825566118
247 0.963211994745
248 0.963057423294
249 0.959424994227
250 0.963366566195
251 0.962361851766
252 0.962748280393
253 0.964757709251
254 0.963907566273
255 0.964216709174
256 0.946518278097
257 0.963134709019
258 0.961820851689
259 0.963598423371
260 0.962670994667
261 0.963907566273
262 0.963907566273
263 0.964062137723
264 0.962207280315
265 0.964139423448
266 0.962902851843
267 0.962593708942
268 0.964989566427
269 0.962593708942
270 0.962052708865
271 0.962748280393
272 0.963057423294
273 0.962207280315
274 0.955096993585
275 0.962284566041
276 0.959965994281
277 0.962593708942
278 0.963907566273
279 0.961975423139
280 0.959270422753
281 0.963366566195
282 0.964989566427
283 0.961125280161
284 0.964371280624
285 0.963443851921
286 0.964139423448
287 0.963830280547
288 0.963752994822
289 0.962902851843
290 0.963907566273
291 0.963752994822
292 0.964139423448
293 0.963598423371
294 0.964293994899
295 0.965375995054
296 0.963598423371
297 0.96444856635
298 0.961047994435
299 0.962980137569
300 0.961279851611
