1 0.0894968699281
2 0.119792874258
3 0.170956024427
4 0.197542313937
5 0.278769611262
6 0.31316175903
7 0.347244763901
8 0.369193909896
9 0.43759177681
10 0.474688924974
11 0.503671071999
12 0.486359069494
13 0.545173506467
14 0.524847360683
15 0.645026663589
16 0.647345235353
17 0.686065383742
18 0.6584743798
19 0.713656387684
20 0.644021949137
21 0.754926965036
22 0.758404822675
23 0.76311925192
24 0.786073112342
25 0.780199397217
26 0.79503825648
27 0.816137259494
28 0.808949687039
29 0.828193832645
30 0.827498261117
31 0.845505835095
32 0.832289976087
33 0.838086405464
34 0.852075121748
35 0.831594404513
36 0.868227838341
37 0.87039183865
38 0.869541695672
39 0.88291212613
40 0.885462555089
41 0.891104413038
42 0.87348326764
43 0.881211840196
44 0.897673699691
45 0.884457840637
46 0.908570986939
47 0.910039415743
48 0.90578870085
49 0.892495556094
50 0.90347012909
51 0.90942112994
52 0.891490841642
53 0.904320272069
54 0.915603987966
55 0.919159131331
56 0.914290130613
57 0.913980987735
58 0.924337274905
59 0.923873560553
60 0.920627560113
61 0.899992271451
62 0.924491846356
63 0.929515418525
64 0.889326841332
65 0.923023417575
66 0.925032846433
67 0.930983847283
68 0.933766133395
69 0.894195842051
70 0.929206275624
71 0.929747275678
72 0.918154416902
73 0.919081845606
74 0.932452276088
75 0.935234562176
76 0.933070561867
77 0.937862276837
78 0.937243991035
79 0.937553133936
80 0.93732127676
81 0.922173274596
82 0.937089419584
83 0.94443156349
84 0.944199706314
85 0.941340134477
86 0.940953705851
87 0.944586134941
88 0.932684133241
89 0.943194991885
90 0.928510704096
91 0.930056418603
92 0.939485277069
93 0.943967849138
94 0.928046989721
95 0.947368421053
96 0.938016848311
97 0.946363706623
98 0.945899992271
99 0.948682278383
100 0.948836849834
101 0.905865986575
102 0.929824561427
103 0.944663420666
104 0.950459850066
105 0.950846278692
106 0.948373135482
107 0.951078135868
108 0.950305278615
109 0.944122420589
110 0.916222273769
111 0.947136563877
112 0.949686992812
113 0.949609707087
114 0.949532421362
115 0.939253419893
116 0.946827420998
117 0.951850993122
118 0.950459850066
119 0.936857562431
120 0.953087564727
121 0.954865136409
122 0.955251565036
123 0.946981992426
124 0.953164850452
125 0.955637993663
126 0.951155421594
127 0.954555993508
128 0.948373135482
129 0.956410850916
130 0.947368421053
131 0.953319421903
132 0.955174279311
133 0.955406136487
134 0.954865136409
135 0.955174279311
136 0.953551279079
137 0.951232707319
138 0.956333565214
139 0.954014993431
140 0.942731277533
141 0.956101708015
142 0.946595563799
143 0.95733827962
144 0.950150707187
145 0.958188422598
146 0.957879279697
147 0.957029136718
148 0.952005564572
149 0.956333565191
150 0.943349563336
151 0.950614421516
152 0.959193137028
153 0.929669989976
154 0.955637993663
155 0.959038565577
156 0.954092279156
157 0.959193137028
158 0.958574851225
159 0.958961279852
160 0.959270422753
161 0.952237421748
162 0.960043280006
163 0.956719993817
164 0.941571991653
165 0.958111136873
166 0.956101708015
167 0.958342994049
168 0.95965685138
169 0.932761418966
170 0.960661565809
171 0.961743565963
172 0.956101708015
173 0.961125280161
174 0.960584280083
175 0.959193137028
176 0.959347708478
177 0.929824561427
178 0.958342994049
179 0.960661565809
180 0.954478707783
181 0.961666280238
182 0.960738851534
183 0.961202565886
184 0.958342994049
185 0.960816137259
186 0.961666280238
187 0.961743565963
188 0.96212999459
189 0.963366566195
190 0.958574851225
191 0.962748280393
192 0.961202565886
193 0.962052708865
194 0.960506994358
195 0.961434423062
196 0.957879279697
197 0.961279851611
198 0.957801993972
199 0.961125280161
200 0.961743565963
201 0.962207280315
202 0.962980137569
203 0.961434423062
204 0.963211994745
205 0.963443851921
206 0.962748280393
207 0.962593708942
208 0.963752994822
209 0.962361851766
210 0.963057423294
211 0.963752994822
212 0.96212999459
213 0.962284566041
214 0.963907566273
215 0.963134709019
216 0.961202565886
217 0.963675709097
218 0.95981142283
219 0.963134709019
220 0.9646031378
221 0.963521137646
222 0.964062137723
223 0.962902851843
224 0.961511708787
225 0.961357137337
226 0.962902851843
227 0.9646031378
228 0.962902851843
229 0.964216709174
230 0.963830280547
231 0.964371280624
232 0.9646031378
233 0.964216709174
234 0.964371280624
235 0.964912280702
236 0.963443851921
237 0.963752994822
238 0.962516423217
239 0.963598423371
240 0.962516423217
241 0.963907566273
242 0.964293994899
243 0.963057423294
244 0.962748280393
245 0.965685137955
246 0.963598423371
247 0.963907566273
248 0.962593708942
249 0.964989566427
250 0.965144137878
251 0.965144137878
252 0.962902851843
253 0.96097070871
254 0.959888708556
255 0.964834994976
256 0.964834994976
257 0.965453280779
258 0.964525852075
259 0.964834994976
260 0.964216709174
261 0.964757709251
262 0.962284566041
263 0.9646031378
264 0.963675709097
265 0.965221423603
266 0.9646031378
267 0.964062137723
268 0.961511708787
269 0.963057423294
270 0.965375995054
271 0.964371280624
272 0.966071566582
273 0.964912280702
274 0.965375995054
275 0.965685137955
276 0.964139423448
277 0.965530566504
278 0.962516423217
279 0.96560785223
280 0.958265708324
281 0.963675709097
282 0.965994280856
283 0.962670994667
284 0.964525852075
285 0.965375995054
286 0.965530566504
287 0.965453280779
288 0.965298709328
289 0.966844423835
290 0.964912280702
291 0.965839709406
292 0.954787850684
293 0.964912280702
294 0.963366566195
295 0.965221423603
296 0.96676713811
297 0.966535280934
298 0.9646031378
299 0.965221423603
300 0.965375995054
