1 0.0976891568173
2 0.105340443625
3 0.157121879596
4 0.206275600901
5 0.267176752458
6 0.317567045376
7 0.351881907419
8 0.367029909587
9 0.435505062229
10 0.48543164079
11 0.48906406988
12 0.5471056496
13 0.6063065152
14 0.614807944963
15 0.646649663798
16 0.656774093816
17 0.692866527543
18 0.69572609938
19 0.723703531969
20 0.73946981997
21 0.730968390157
22 0.702372671758
23 0.768297395517
24 0.77123425308
25 0.799443542801
26 0.78445011211
27 0.79982997145
28 0.8110364016
29 0.734291676373
30 0.832676404714
31 0.810108972891
32 0.739315248492
33 0.841564263127
34 0.860112837182
35 0.815441687943
36 0.84890640701
37 0.863745266272
38 0.868846124144
39 0.870546410101
40 0.876961125303
41 0.838859262717
42 0.875647267973
43 0.880052554316
44 0.883453126231
45 0.887703841124
46 0.894814127854
47 0.89635984236
48 0.890486127235
49 0.88152098312
50 0.89620527091
51 0.887781126849
52 0.891027127313
53 0.900919700154
54 0.910039415743
55 0.910812272996
56 0.915062987889
57 0.912667130404
58 0.909884844292
59 0.914908416439
60 0.919004559881
61 0.913053559031
62 0.922714274697
63 0.921632274542
64 0.907334415357
65 0.921245845915
66 0.918618131254
67 0.91869541698
68 0.925728417984
69 0.917767988276
70 0.9294381328
71 0.923023417598
72 0.926346703787
73 0.925496560808
74 0.930133704328
75 0.930906561581
76 0.932220418912
77 0.934770847847
78 0.934848133573
79 0.935311847925
80 0.934693562122
81 0.933920704869
82 0.936471133805
83 0.930133704328
84 0.930520132954
85 0.933920704869
86 0.94002627717
87 0.929128989899
88 0.940567277247
89 0.937553133959
90 0.938403276938
91 0.905711415148
92 0.94118556305
93 0.941494705951
94 0.939562562818
95 0.939639848543
96 0.940799134423
97 0.938016848311
98 0.94118556305
99 0.942653991831
100 0.932838704714
101 0.93886699129
102 0.918463559804
103 0.944045134887
104 0.937784991135
105 0.943194991908
106 0.935852848002
107 0.939562562818
108 0.945358992217
109 0.930056418626
110 0.945127135041
111 0.945899992294
112 0.945899992294
113 0.943272277633
114 0.944508849239
115 0.943735991985
116 0.946904706724
117 0.946827420998
118 0.946750135273
119 0.9471365639
120 0.948373135505
121 0.950305278638
122 0.949918850011
123 0.949145992758
124 0.932606847561
125 0.912203416075
126 0.910116701468
127 0.945745420844
128 0.949300564209
129 0.950846278715
130 0.949145992758
131 0.944895277865
132 0.951155421617
133 0.949918850011
134 0.951773707419
135 0.944972563591
136 0.951619135969
137 0.935466419375
138 0.953319421926
139 0.952314707497
140 0.952778421849
141 0.95424685063
142 0.952469278947
143 0.947754849702
144 0.952469278947
145 0.952623850398
146 0.954092279179
147 0.952701136123
148 0.942344848929
149 0.954092279179
150 0.953319421926
151 0.955328850784
152 0.955792565136
153 0.955019707883
154 0.954633279256
155 0.951696421694
156 0.952237421771
157 0.955715279411
158 0.955792565136
159 0.954787850707
160 0.953551279102
161 0.954555993531
162 0.945822706592
163 0.953860422003
164 0.95440142208
165 0.956642708115
166 0.944972563591
167 0.954478707806
168 0.95540613651
169 0.95308756475
170 0.954787850707
171 0.956024422312
172 0.957029136741
173 0.957183708192
174 0.951464564518
175 0.953628564827
176 0.956951851016
177 0.930520132978
178 0.957183708192
179 0.957338279643
180 0.956024422312
181 0.954169564904
182 0.957570136819
183 0.95787927972
184 0.952778421849
185 0.957029136741
186 0.949377849934
187 0.95787927972
188 0.942267563204
189 0.958420279797
190 0.957338279643
191 0.951232707342
192 0.957415565368
193 0.957724708269
194 0.957183708192
195 0.958729422699
196 0.958883994149
197 0.956410850939
198 0.948991421308
199 0.958033851171
200 0.957029136741
201 0.955483422258
202 0.956797279566
203 0.956797279566
204 0.958574851248
205 0.956024422335
206 0.957724708269
207 0.957801993995
208 0.958806708424
209 0.958420279797
210 0.957724708269
211 0.955096993608
212 0.960120565755
213 0.959193137051
214 0.958883994149
215 0.958420279797
216 0.952623850421
217 0.956333565237
218 0.958883994149
219 0.959656851403
220 0.958497565523
221 0.959270422776
222 0.960120565755
223 0.960506994381
224 0.956951851016
225 0.958729422699
226 0.950768993013
227 0.959502279952
228 0.958652136973
229 0.959502279975
230 0.957724708269
231 0.959115851325
232 0.959193137051
233 0.958961279875
234 0.959734137128
235 0.959965994304
236 0.957801993995
237 0.960352422931
238 0.955096993608
239 0.958033851171
240 0.958729422699
241 0.949300564209
242 0.960352422931
243 0.958497565523
244 0.959115851325
245 0.958806708424
246 0.96135713736
247 0.959502279952
248 0.960352422931
249 0.959193137051
250 0.956410850939
251 0.959347708501
252 0.960043280029
253 0.960893423008
254 0.960584280107
255 0.959734137128
256 0.957647422544
257 0.960506994381
258 0.960584280107
259 0.960584280107
260 0.960429708656
261 0.960429708656
262 0.960661565832
263 0.957956565445
264 0.960275137205
265 0.96135713736
266 0.958420279797
267 0.958420279797
268 0.96019785148
269 0.958806708424
270 0.959579565677
271 0.961898137437
272 0.958574851248
273 0.958883994149
274 0.961202565909
275 0.9590385656
276 0.961588994536
277 0.958497565523
278 0.961279851634
279 0.961743565986
280 0.960352422931
281 0.960429708656
282 0.95787927972
283 0.961279851634
284 0.961666280261
285 0.960816137282
286 0.961434423085
287 0.959656851403
288 0.961820851712
289 0.959656851403
290 0.961588994536
291 0.961047994458
292 0.961743565986
293 0.961279851634
294 0.961820851712
295 0.96135713736
296 0.96135713736
297 0.960584280107
298 0.961202565909
299 0.960970708733
300 0.960816137282
