1 0.0745807249401
2 0.115619445091
3 0.200556457227
4 0.233557461944
5 0.304428472066
6 0.350799907266
7 0.377463482502
8 0.389288198479
9 0.408609629811
10 0.408918772717
11 0.479635211386
12 0.504289357765
13 0.588298941199
14 0.591931370267
15 0.632274518915
16 0.654146379182
17 0.661797665962
18 0.71110595872
19 0.669912667149
20 0.731432104509
21 0.74302496328
22 0.687533812523
23 0.742561248928
24 0.775407682192
25 0.766365252356
26 0.799443542796
27 0.811422830249
28 0.819074117001
29 0.793415256221
30 0.83638611953
31 0.83963211997
32 0.839168405642
33 0.855011979306
34 0.852693407546
35 0.816059973746
36 0.866604838109
37 0.807867686857
38 0.858876265577
39 0.880516268668
40 0.866991266736
41 0.854007264904
42 0.87193755318
43 0.883916840583
44 0.881984697426
45 0.861040265909
46 0.882989411902
47 0.868227838318
48 0.891954556017
49 0.885848983716
50 0.889094984156
51 0.894427699227
52 0.902001700286
53 0.898291985493
54 0.91058041582
55 0.916144988021
56 0.91714970245
57 0.91251255893
58 0.917072416725
59 0.919777417111
60 0.881752840273
61 0.917613416802
62 0.918849988407
63 0.92541927506
64 0.92178684597
65 0.914058273437
66 0.920163845738
67 0.928665275524
68 0.932684133241
69 0.929360847052
70 0.929747275678
71 0.904861272146
72 0.936548419507
73 0.932374990339
74 0.922095988871
75 0.931447561635
76 0.940103562872
77 0.931679418811
78 0.940258134323
79 0.93732127676
80 0.9407991344
81 0.917999845429
82 0.938944276992
83 0.925496560785
84 0.941494705928
85 0.935775562254
86 0.924800989257
87 0.92773784682
88 0.930442847206
89 0.945668135095
90 0.945436277919
91 0.940335420048
92 0.946363706623
93 0.946595563799
94 0.948141278306
95 0.941340134477
96 0.950073421439
97 0.950073421439
98 0.949300564186
99 0.951850993122
100 0.94790942113
101 0.947445706778
102 0.947445706778
103 0.952932993276
104 0.885153412188
105 0.951232707319
106 0.917536131077
107 0.943967849138
108 0.952855707551
109 0.953164850452
110 0.955637993663
111 0.954555993508
112 0.955251565036
113 0.9527011361
114 0.956410850916
115 0.955406136487
116 0.953705850529
117 0.946209135173
118 0.953010279001
119 0.956565422366
120 0.954555993508
121 0.956719993817
122 0.953937707705
123 0.956951850993
124 0.958420279774
125 0.935157276451
126 0.957801993972
127 0.958420279774
128 0.956488136641
129 0.957260993894
130 0.957801993972
131 0.959038565577
132 0.959038565577
133 0.958961279852
134 0.9584975655
135 0.96097070871
136 0.951696421671
137 0.939794419971
138 0.953783136255
139 0.961357137337
140 0.958961279852
141 0.958883994126
142 0.960352422907
143 0.960275137182
144 0.956797279542
145 0.960429708633
146 0.961820851689
147 0.961666280238
148 0.960661565809
149 0.959115851302
150 0.91367184481
151 0.959965994281
152 0.959965994281
153 0.962207280315
154 0.941881134554
155 0.963443851921
156 0.961820851689
157 0.958806708401
158 0.961357137337
159 0.963443851921
160 0.963134709019
161 0.962980137569
162 0.953628564804
163 0.962516423217
164 0.963057423294
165 0.961588994513
166 0.965144137878
167 0.961820851689
168 0.962748280393
169 0.963675709097
170 0.961434423062
171 0.961743565963
172 0.962825566118
173 0.963984851998
174 0.961975423139
175 0.964139423448
176 0.96328928047
177 0.964062137723
178 0.963984851998
179 0.964293994899
180 0.963211994745
181 0.955174279311
182 0.963984851998
183 0.96444856635
184 0.962980137569
185 0.958574851225
186 0.963830280547
187 0.963830280547
188 0.959347708478
189 0.964139423448
190 0.96444856635
191 0.96560785223
192 0.959038565577
193 0.957956565422
194 0.965530566504
195 0.965685137955
196 0.96097070871
197 0.963443851921
198 0.965298709328
199 0.964834994976
200 0.9646031378
201 0.964216709174
202 0.96444856635
203 0.96692170956
204 0.96444856635
205 0.965994280856
206 0.965839709406
207 0.965530566504
208 0.965530566504
209 0.964757709251
210 0.962284566041
211 0.965839709406
212 0.9646031378
213 0.96676713811
214 0.965066852152
215 0.965839709406
216 0.96576242368
217 0.965530566504
218 0.96328928047
219 0.962825566118
220 0.965375995054
221 0.964912280702
222 0.965453280779
223 0.965994280856
224 0.965144137878
225 0.96676713811
226 0.965839709406
227 0.96676713811
228 0.963907566273
229 0.966689852384
230 0.965685137955
231 0.965916995131
232 0.963984851998
233 0.965453280779
234 0.966612566659
235 0.966457995208
236 0.966844423835
237 0.965994280856
238 0.96692170956
239 0.965685137955
240 0.959193137028
241 0.966226138032
242 0.965994280856
243 0.965839709406
244 0.96676713811
245 0.96676713811
246 0.967308138187
247 0.96692170956
248 0.96444856635
249 0.966303423758
250 0.966998995286
251 0.967230852462
252 0.966380709483
253 0.966612566659
254 0.966612566659
255 0.967153566736
256 0.967694566814
257 0.966303423758
258 0.967385423912
259 0.966844423835
260 0.967771852539
261 0.966998995286
262 0.966457995208
263 0.967771852539
264 0.967694566814
265 0.96692170956
266 0.966998995286
267 0.966457995208
268 0.966303423758
269 0.966844423835
270 0.966148852307
271 0.967849138264
272 0.967076281011
273 0.967076281011
274 0.964912280702
275 0.967076281011
276 0.966844423835
277 0.966844423835
278 0.967153566736
279 0.96560785223
280 0.968003709715
281 0.96808099544
282 0.967462709638
283 0.965530566504
284 0.967539995363
285 0.967849138264
286 0.967771852539
287 0.96808099544
288 0.967539995363
289 0.967926423989
290 0.968158281165
291 0.967539995363
292 0.968003709715
293 0.967539995363
294 0.96692170956
295 0.967926423989
296 0.96692170956
297 0.967539995363
298 0.968003709715
299 0.967308138187
300 0.967771852539
