1 0.0703300100494
2 0.101708014532
3 0.161990880287
4 0.226060746585
5 0.294613184949
6 0.315403045064
7 0.361465337361
8 0.376613339528
9 0.38596491229
10 0.432259061763
11 0.451194064466
12 0.526161218035
13 0.535435505076
14 0.54749207822
15 0.595177370753
16 0.617590231098
17 0.611020944445
18 0.627096375313
19 0.637993662584
20 0.698276528344
21 0.715202102163
22 0.718679959825
23 0.737846819683
24 0.733055104741
25 0.747275678201
26 0.776335110923
27 0.768606538391
28 0.781822397449
29 0.798284256944
30 0.764278537768
31 0.792333256066
32 0.827189118216
33 0.824406832104
34 0.817837545451
35 0.835149547925
36 0.820697117261
37 0.843573691985
38 0.847978978301
39 0.84349640626
40 0.866063838028
41 0.86235412324
42 0.852075121771
43 0.835613262221
44 0.872323981807
45 0.874410696335
46 0.863358837641
47 0.874719839292
48 0.865909266605
49 0.870082695772
50 0.891413555962
51 0.889945127181
52 0.894273127744
53 0.862895123317
54 0.894041270596
55 0.899760414298
56 0.889172269873
57 0.879666125685
58 0.878274982657
59 0.903083700487
60 0.891258984484
61 0.91096684447
62 0.911816987421
63 0.904938557894
64 0.912976273328
65 0.909266558513
66 0.908880129886
67 0.871396553075
68 0.898446556912
69 0.914521987807
70 0.91993198858
71 0.908184558358
72 0.918154416925
73 0.899914985748
74 0.920859417312
75 0.919081845629
76 0.923487131973
77 0.918695417003
78 0.927737846866
79 0.912048844597
80 0.922250560368
81 0.926655846711
82 0.921864131741
83 0.921864131741
84 0.929901847175
85 0.925341989358
86 0.923873560572
87 0.924182703501
88 0.9010742716
89 0.93407527632
90 0.932374990362
91 0.910193987189
92 0.932993276165
93 0.923100703346
94 0.936161990926
95 0.934307133495
96 0.926501275233
97 0.936084705201
98 0.924028132027
99 0.931988561736
100 0.929901847152
101 0.937630419685
102 0.935002705023
103 0.938016848311
104 0.937012133859
105 0.93191127601
106 0.927505989644
107 0.926578560963
108 0.940876420125
109 0.939098848466
110 0.940180848597
111 0.913362701932
112 0.944045134864
113 0.937630419661
114 0.94211299173
115 0.942499420357
116 0.939176134168
117 0.92541927506
118 0.945358992194
119 0.942035706005
120 0.943890563413
121 0.939717134268
122 0.939098848443
123 0.945436277943
124 0.943426849061
125 0.944354277788
126 0.946286420898
127 0.937939562563
128 0.944586134941
129 0.94729113535
130 0.946595563799
131 0.944122420612
132 0.944895277842
133 0.946981992426
134 0.945513563645
135 0.941108277324
136 0.932838704714
137 0.93616199088
138 0.948682278383
139 0.948527706956
140 0.948141278306
141 0.944122420612
142 0.947368421053
143 0.947059278151
144 0.948063992581
145 0.947677563977
146 0.947291135327
147 0.943581420512
148 0.948991421284
149 0.949764278561
150 0.938325991212
151 0.937784991112
152 0.926114846634
153 0.951232707319
154 0.949686992812
155 0.943581420535
156 0.94018084862
157 0.944586134941
158 0.935466419352
159 0.949455135636
160 0.950923564441
161 0.949223278484
162 0.951309993044
163 0.928897132723
164 0.938944276992
165 0.945281706492
166 0.952546564673
167 0.951773707419
168 0.951850993145
169 0.921477703091
170 0.93538913365
171 0.951928278847
172 0.949841564286
173 0.949609707087
174 0.951696421694
175 0.950073421439
176 0.951773707396
177 0.951387278793
178 0.941108277301
179 0.952701136123
180 0.953164850452
181 0.948373135505
182 0.953473993376
183 0.95154185022
184 0.953551279102
185 0.953164850475
186 0.948063992604
187 0.952391993222
188 0.952314707497
189 0.953010279025
190 0.95386042198
191 0.952855707574
192 0.953164850475
193 0.953860422003
194 0.95440142208
195 0.953628564827
196 0.955174279334
197 0.954865136409
198 0.951850993145
199 0.954092279179
200 0.952855707574
201 0.952391993199
202 0.954633279256
203 0.954014993431
204 0.954092279179
205 0.954014993454
206 0.952778421849
207 0.954014993454
208 0.954014993454
209 0.955637993686
210 0.953164850475
211 0.955406136487
212 0.953705850552
213 0.95254656465
214 0.947600278252
215 0.955483422235
216 0.954092279179
217 0.955251565059
218 0.956333565214
219 0.956178993763
220 0.937939562586
221 0.955560707937
222 0.954169564904
223 0.955251565059
224 0.956410850939
225 0.954787850707
226 0.955792565136
227 0.955483422235
228 0.951387278793
229 0.956410850916
230 0.954787850684
231 0.956024422312
232 0.948759564109
233 0.955947136587
234 0.956797279566
235 0.955483422235
236 0.95671999384
237 0.956024422289
238 0.956488136664
239 0.957260993917
240 0.957415565368
241 0.957029136741
242 0.955947136564
243 0.955715279388
244 0.95656542239
245 0.95671999384
246 0.95671999384
247 0.957106422467
248 0.936471133828
249 0.956488136664
250 0.95787927972
251 0.957106422467
252 0.957801993995
253 0.956178993763
254 0.956951851016
255 0.957956565445
256 0.957260993917
257 0.957647422544
258 0.956797279566
259 0.957801993995
260 0.956410850939
261 0.956565422366
262 0.956642708092
263 0.957570136819
264 0.956488136641
265 0.956024422312
266 0.957338279643
267 0.957956565445
268 0.958961279875
269 0.957106422467
270 0.956874565291
271 0.958188422621
272 0.954787850707
273 0.958188422621
274 0.956333565191
275 0.956256279488
276 0.958420279797
277 0.955406136487
278 0.957724708269
279 0.958497565523
280 0.957801993995
281 0.957492851093
282 0.958265708347
283 0.958497565523
284 0.955637993686
285 0.958806708424
286 0.958574851248
287 0.958652136973
288 0.958342994072
289 0.958883994149
290 0.958111136896
291 0.955251565059
292 0.958497565523
293 0.959270422776
294 0.954710564982
295 0.958883994149
296 0.958188422621
297 0.958420279797
298 0.958497565523
299 0.956256279465
300 0.959424994204
