1 0.0720302960066
2 0.105649586526
3 0.115774016546
4 0.195146456454
5 0.261071180162
6 0.306051472302
7 0.324909189287
8 0.365716052257
9 0.419584202809
10 0.399721771398
11 0.489064069878
12 0.516577788101
13 0.537367648214
14 0.591390370217
15 0.632738233248
16 0.582966226156
17 0.653759950537
18 0.670917381583
19 0.693639384806
20 0.713192673313
21 0.731200247314
22 0.7397016771
23 0.760027822861
24 0.740242677178
25 0.707628101113
26 0.754617822088
27 0.787618826803
28 0.799057114174
29 0.798206971172
30 0.814977973568
31 0.822783831826
32 0.808872401291
33 0.809413401345
34 0.837622691089
35 0.843496406214
36 0.822165546024
37 0.802689543264
38 0.85926269418
39 0.864904552152
40 0.867068552438
41 0.85501197931
42 0.875260839346
43 0.849988407141
44 0.869155267022
45 0.878043125435
46 0.875338125048
47 0.884844269286
48 0.875724553675
49 0.869773552848
50 0.883684983384
51 0.896668985238
52 0.874256124894
53 0.882834840405
54 0.900996985857
55 0.88809026975
56 0.897209985316
57 0.898987556998
58 0.905324986475
59 0.903315557617
60 0.898910271273
61 0.907179843883
62 0.890099698586
63 0.912744416106
64 0.915449416493
65 0.917304273901
66 0.903160986166
67 0.923564417652
68 0.91830898833
69 0.910734987248
70 0.914367416338
71 0.922405131772
72 0.915681273669
73 0.905711415102
74 0.92657856094
75 0.913285416184
76 0.931061133009
77 0.923487131927
78 0.915062987866
79 0.929592704228
80 0.932452276065
81 0.933766133395
82 0.929824561404
83 0.924105417729
84 0.934770847824
85 0.935620990803
86 0.93422984777
87 0.938557848365
88 0.92464641783
89 0.939098848443
90 0.936548419507
91 0.93600741943
92 0.94195842028
93 0.936161990903
94 0.940567277247
95 0.942267563181
96 0.941030991599
97 0.931292990185
98 0.939253419893
99 0.927583275369
100 0.945127135041
101 0.937398562486
102 0.939562562818
103 0.946595563822
104 0.941649277378
105 0.946904706724
106 0.931061133032
107 0.942035706005
108 0.945436277943
109 0.949377849911
110 0.948836849834
111 0.947059278151
112 0.936934848157
113 0.948604992681
114 0.947832135428
115 0.925573846534
116 0.946904706724
117 0.945745420821
118 0.943813277711
119 0.947986706855
120 0.952082850321
121 0.950150707164
122 0.950305278638
123 0.949918849988
124 0.938403276915
125 0.951464564518
126 0.944508849239
127 0.948063992604
128 0.953396707651
129 0.950691707242
130 0.940567277224
131 0.953319421926
132 0.941649277402
133 0.952237421771
134 0.952005564595
135 0.953937707705
136 0.9527011361
137 0.955251565036
138 0.949764278561
139 0.938557848388
140 0.943349563359
141 0.95440142208
142 0.954633279233
143 0.95617899374
144 0.898369271242
145 0.953937707728
146 0.953010279025
147 0.952778421825
148 0.955792565113
149 0.953319421926
150 0.957106422467
151 0.95656542239
152 0.953705850552
153 0.95671999384
154 0.956333565191
155 0.955019707883
156 0.954633279256
157 0.956101708015
158 0.954633279256
159 0.956642708115
160 0.952082850321
161 0.95440142208
162 0.953164850452
163 0.956333565191
164 0.958188422621
165 0.950227992913
166 0.95440142208
167 0.956951851016
168 0.956024422289
169 0.957801993972
170 0.953551279102
171 0.9590385656
172 0.959270422776
173 0.956642708115
174 0.959115851302
175 0.950305278638
176 0.953705850552
177 0.957183708169
178 0.959347708478
179 0.95671999384
180 0.958033851171
181 0.958652136973
182 0.957570136819
183 0.960352422907
184 0.958188422598
185 0.957338279643
186 0.958265708347
187 0.959424994204
188 0.954865136409
189 0.959270422776
190 0.955792565136
191 0.95981142283
192 0.958883994126
193 0.960120565755
194 0.960120565732
195 0.956178993763
196 0.958961279875
197 0.958497565523
198 0.959965994281
199 0.947986706878
200 0.951387278793
201 0.960197851457
202 0.960429708633
203 0.960275137205
204 0.959811422853
205 0.959038565577
206 0.958961279875
207 0.960429708633
208 0.958342994072
209 0.959193137051
210 0.942808563281
211 0.916454130945
212 0.959734137105
213 0.960043280006
214 0.959965994304
215 0.961047994435
216 0.959502279952
217 0.954865136432
218 0.957647422544
219 0.957570136819
220 0.959502279952
221 0.960429708656
222 0.95865213695
223 0.959502279952
224 0.961202565909
225 0.960970708733
226 0.961279851611
227 0.961047994435
228 0.960893422985
229 0.958652136973
230 0.961666280238
231 0.960352422931
232 0.961588994513
233 0.920859417266
234 0.961434423085
235 0.959734137105
236 0.961743565963
237 0.961666280238
238 0.960970708733
239 0.956951850993
240 0.961047994458
241 0.961743565963
242 0.948991421284
243 0.958420279797
244 0.961357137337
245 0.961434423062
246 0.953937707728
247 0.961898137414
248 0.961975423139
249 0.961588994536
250 0.960506994358
251 0.962439137491
252 0.961975423139
253 0.960816137282
254 0.962284566041
255 0.961047994458
256 0.96151170881
257 0.959347708501
258 0.961743565963
259 0.962439137491
260 0.96251642324
261 0.961975423139
262 0.96097070871
263 0.955174279334
264 0.957570136819
265 0.96251642324
266 0.933688847693
267 0.96151170881
268 0.962593708942
269 0.96251642324
270 0.959502279929
271 0.962980137569
272 0.960275137205
273 0.962825566118
274 0.961588994513
275 0.896359842337
276 0.962670994667
277 0.962439137491
278 0.960893423008
279 0.963134709042
280 0.961047994458
281 0.962439137491
282 0.959734137105
283 0.962670994667
284 0.961047994435
285 0.961820851689
286 0.956874565291
287 0.96267099469
288 0.962516423217
289 0.962825566118
290 0.961898137414
291 0.960275137205
292 0.962748280393
293 0.961820851712
294 0.961666280238
295 0.96212999459
296 0.958883994126
297 0.96328928047
298 0.963057423294
299 0.962439137491
300 0.961975423139
