1 0.104567586369
2 0.134013447719
3 0.16330473762
4 0.196614885238
5 0.264626323523
6 0.326764046687
7 0.372053481731
8 0.384032769154
9 0.449802921414
10 0.488059355446
11 0.513950073431
12 0.548419506926
13 0.567818223988
14 0.623154803299
15 0.642089806027
16 0.644021949164
17 0.615194373613
18 0.69688538526
19 0.672617667508
20 0.713656387684
21 0.746966535295
22 0.753535821924
23 0.727876961144
24 0.774016539136
25 0.775639539391
26 0.787541541096
27 0.783754540555
28 0.791096684465
29 0.804003400618
30 0.822706546119
31 0.805162686498
32 0.822474688943
33 0.803539686238
34 0.845583120844
35 0.845505835118
36 0.828812118425
37 0.846665120998
38 0.845042120766
39 0.846974263872
40 0.869850838596
41 0.873869696286
42 0.863513409119
43 0.878120411183
44 0.874642553543
45 0.87247855323
46 0.855630265108
47 0.888244841201
48 0.877347553925
49 0.886467269518
50 0.88020712579
51 0.902233557485
52 0.899605842824
53 0.904242986343
54 0.9003787001
55 0.903856557712
56 0.899760414275
57 0.909498415666
58 0.893345699095
59 0.916454130968
60 0.913208130481
61 0.910039415743
62 0.915062987912
63 0.904938557871
64 0.908029986884
65 0.918231702628
66 0.919777417157
67 0.92271427472
68 0.92580570371
69 0.926114846611
70 0.921864131741
71 0.92580570371
72 0.926269418085
73 0.926114846611
74 0.916763273869
75 0.92711956104
76 0.927583275415
77 0.928897132723
78 0.911894273151
79 0.932065847461
80 0.914908416462
81 0.930365561504
82 0.932529561813
83 0.926114846634
84 0.929592704274
85 0.936625705255
86 0.936239276629
87 0.930829275856
88 0.935157276497
89 0.931370275933
90 0.935930133727
91 0.9236417034
92 0.931061133032
93 0.92982456145
94 0.935543705101
95 0.905093129322
96 0.933456990517
97 0.940412705796
98 0.940799134423
99 0.932606847538
100 0.937862276861
101 0.92711956104
102 0.936702990981
103 0.938403276915
104 0.93732127676
105 0.936161990903
106 0.937630419685
107 0.920472988662
108 0.940721848698
109 0.931215704459
110 0.945281706492
111 0.941726563104
112 0.94365870626
113 0.945281706492
114 0.941262848775
115 0.937321276783
116 0.946904706701
117 0.94613184947
118 0.946131849447
119 0.934307133519
120 0.941262848775
121 0.946363706623
122 0.915140273638
123 0.947445706778
124 0.946131849447
125 0.948527706933
126 0.943735991962
127 0.943658706237
128 0.941494705928
129 0.94427699204
130 0.95022799289
131 0.946981992449
132 0.949455135636
133 0.948759564109
134 0.948450421207
135 0.944045134864
136 0.948063992581
137 0.938403276915
138 0.95038256434
139 0.949377849911
140 0.95154185022
141 0.950846278692
142 0.952005564572
143 0.95192827887
144 0.949145992735
145 0.951309993044
146 0.945127135018
147 0.945281706469
148 0.95138727877
149 0.953319421903
150 0.951928278847
151 0.951696421671
152 0.951464564495
153 0.953319421903
154 0.948759564109
155 0.953010279001
156 0.951464564495
157 0.953087564727
158 0.946595563799
159 0.954324136332
160 0.954169564881
161 0.953164850452
162 0.952082850298
163 0.952778421825
164 0.954092279156
165 0.953396707628
166 0.953164850452
167 0.95254656465
168 0.953628564804
169 0.955174279311
170 0.953473993353
171 0.945436277919
172 0.951464564495
173 0.955096993585
174 0.954246850607
175 0.953628564804
176 0.952160136023
177 0.953783136255
178 0.953473993353
179 0.954787850684
180 0.955328850784
181 0.954555993531
182 0.954942422135
183 0.95501970786
184 0.957570136796
185 0.955328850761
186 0.955869850839
187 0.95386042198
188 0.956488136664
189 0.954014993431
190 0.951850993145
191 0.955483422212
192 0.95671999384
193 0.950691707242
194 0.954710564959
195 0.947522992503
196 0.955328850784
197 0.957647422521
198 0.95749285107
199 0.956333565191
200 0.956642708092
201 0.957801993972
202 0.957492851093
203 0.955637993663
204 0.957029136741
205 0.955406136487
206 0.957570136796
207 0.958729422676
208 0.957415565345
209 0.957183708192
210 0.957647422521
211 0.957570136796
212 0.956874565268
213 0.956797279542
214 0.958806708401
215 0.957260993894
216 0.958033851148
217 0.957106422467
218 0.952932993276
219 0.957338279643
220 0.958883994126
221 0.950150707164
222 0.958729422699
223 0.956797279542
224 0.957801993972
225 0.957724708269
226 0.955560707937
227 0.957956565422
228 0.9590385656
229 0.958033851171
230 0.958961279852
231 0.958574851248
232 0.959656851403
233 0.958265708347
234 0.957956565422
235 0.957724708269
236 0.957801993995
237 0.959270422776
238 0.959579565677
239 0.959656851403
240 0.959424994204
241 0.958883994126
242 0.955715279411
243 0.959115851302
244 0.959347708478
245 0.958961279875
246 0.95749285107
247 0.958497565523
248 0.958188422621
249 0.956488136641
250 0.960120565755
251 0.958033851148
252 0.955792565136
253 0.958806708424
254 0.959734137105
255 0.959656851403
256 0.957647422544
257 0.955483422235
258 0.958420279797
259 0.959424994227
260 0.958342994049
261 0.959579565677
262 0.957724708269
263 0.959424994227
264 0.959270422753
265 0.959502279952
266 0.960043280029
267 0.958652136973
268 0.957492851093
269 0.959347708478
270 0.958342994072
271 0.945281706492
272 0.960197851457
273 0.959811422853
274 0.957879279697
275 0.959502279952
276 0.958883994149
277 0.959115851325
278 0.960043280029
279 0.960043280006
280 0.959193137051
281 0.957647422544
282 0.959347708501
283 0.960506994381
284 0.948063992604
285 0.96019785148
286 0.960429708656
287 0.958883994149
288 0.961047994458
289 0.948527706956
290 0.960120565755
291 0.961047994458
292 0.959424994227
293 0.959347708501
294 0.959502279952
295 0.959965994304
296 0.959888708579
297 0.960043280029
298 0.959579565677
299 0.960584280107
300 0.959424994227
