1 0.0704072957725
2 0.098152871167
3 0.15395316485
4 0.178839168406
5 0.246232320893
6 0.256047608009
7 0.281551897367
8 0.34330319191
9 0.372439910355
10 0.454981065009
11 0.459850065702
12 0.51928278846
13 0.528943504146
14 0.564881366425
15 0.613957801985
16 0.66844423834
17 0.672308524629
18 0.694875956402
19 0.722003245991
20 0.725944817983
21 0.745111677892
22 0.755854393712
23 0.749362392757
24 0.78035396864
25 0.775639539396
26 0.791792256016
27 0.804698972118
28 0.789319112778
29 0.821701831718
30 0.823324831922
31 0.836540690953
32 0.839091119889
33 0.842800834704
34 0.845583120844
35 0.851611407391
36 0.849370121357
37 0.871241981652
38 0.833140119066
39 0.827111832435
40 0.86250869469
41 0.879820697136
42 0.884998840733
43 0.838009119762
44 0.886389983793
45 0.855939408037
46 0.891645413138
47 0.887085555344
48 0.891568127413
49 0.895586985075
50 0.891258984484
51 0.895432413652
52 0.874874410687
53 0.908957415611
54 0.904474843542
55 0.910812273019
56 0.90215627176
57 0.890795270132
58 0.913130844751
59 0.908802844161
60 0.906097843719
61 0.912203416075
62 0.917690702546
63 0.919545559981
64 0.920627560136
65 0.923177989071
66 0.923023417566
67 0.924259989226
68 0.907179843929
69 0.923950846297
70 0.919545559981
71 0.927428703964
72 0.921554988812
73 0.892572841842
74 0.916144988039
75 0.903547414811
76 0.931756704555
77 0.921632274537
78 0.934538990667
79 0.926269418057
80 0.932297704632
81 0.935852847997
82 0.926037560881
83 0.935620990821
84 0.90091970015
85 0.93283870471
86 0.922559703241
87 0.935930133723
88 0.936780276701
89 0.933688847693
90 0.934461704942
91 0.931911276006
92 0.936239276624
93 0.937166705328
94 0.927815132591
95 0.937089419603
96 0.939794419989
97 0.941030991594
98 0.939639848538
99 0.93994899144
100 0.941803848848
101 0.941571991672
102 0.942963134727
103 0.929979132873
104 0.9422675632
105 0.940721848721
106 0.940026277165
107 0.938712419834
108 0.943890563431
109 0.942576706101
110 0.944663420685
111 0.939562562813
112 0.904861272169
113 0.942035706024
114 0.93052013295
115 0.945358992213
116 0.946054563741
117 0.934075276315
118 0.944817992135
119 0.944586134959
120 0.945745420839
121 0.93809413406
122 0.945358992213
123 0.945745420839
124 0.943735991981
125 0.935852847997
126 0.929515418548
127 0.94821856405
128 0.946750135268
129 0.947986706874
130 0.944431563509
131 0.944122420607
132 0.91050313009
133 0.948759564127
134 0.938712419834
135 0.937398562504
136 0.947832135423
137 0.94821856405
138 0.947754849698
139 0.948141278324
140 0.949223278479
141 0.948527706951
142 0.945049849311
143 0.950846278711
144 0.950768992985
145 0.943272277656
146 0.949841564282
147 0.947445706796
148 0.951155421612
149 0.951309993063
150 0.94953242138
151 0.951309993063
152 0.950614421535
153 0.947600278247
154 0.951387278788
155 0.951387278788
156 0.950614421535
157 0.950459850084
158 0.950614421535
159 0.950150707183
160 0.93477084787
161 0.952469278943
162 0.953319421921
163 0.952932993295
164 0.952237421794
165 0.946981992444
166 0.94056727727
167 0.953705850548
168 0.953937707724
169 0.952623850393
170 0.950691707288
171 0.949609707106
172 0.952314707492
173 0.952237421767
174 0.952391993217
175 0.942035706051
176 0.953705850548
177 0.954246850625
178 0.954633279252
179 0.953860421998
180 0.953783136273
181 0.945049849311
182 0.940489991545
183 0.946750135268
184 0.933534276238
185 0.953473993372
186 0.954865136428
187 0.954478707801
188 0.954555993526
189 0.939717134264
190 0.952469278943
191 0.953164850471
192 0.952701136146
193 0.954246850625
194 0.94953242138
195 0.950227992908
196 0.942112991749
197 0.956101708033
198 0.953087564745
199 0.952546564668
200 0.948373135528
201 0.9541695649
202 0.953396707647
203 0.955792565132
204 0.954633279252
205 0.954478707801
206 0.955792565132
207 0.955560707956
208 0.951078135887
209 0.954401422103
210 0.954710564977
211 0.955019707906
212 0.947522992549
213 0.955869850857
214 0.95648813666
215 0.955869850857
216 0.954787850702
217 0.95532885078
218 0.955019707878
219 0.957106422462
220 0.951232707337
221 0.949455135655
222 0.955174279329
223 0.956101708033
224 0.957492851089
225 0.954942422153
226 0.95532885078
227 0.956951851012
228 0.954787850702
229 0.954401422076
230 0.952623850393
231 0.95301027902
232 0.955792565132
233 0.954324136378
234 0.95532885078
235 0.955560707956
236 0.956333565209
237 0.956101708061
238 0.947368421071
239 0.956333565209
240 0.956333565209
241 0.951155421612
242 0.956797279561
243 0.955174279329
244 0.957492851089
245 0.955174279329
246 0.95664270811
247 0.955637993681
248 0.955792565132
249 0.958033851166
250 0.956024422308
251 0.942885849002
252 0.95664270811
253 0.957570136814
254 0.957260993913
255 0.957183708188
256 0.955560707956
257 0.957647422539
258 0.951541850239
259 0.956797279561
260 0.957570136814
261 0.956565422385
262 0.957492851089
263 0.956256279484
264 0.957956565441
265 0.957183708188
266 0.95664270811
267 0.952623850393
268 0.957338279638
269 0.955019707878
270 0.950073421457
271 0.958111136891
272 0.958420279793
273 0.957415565364
274 0.958729422694
275 0.958652136969
276 0.958033851166
277 0.957570136814
278 0.957338279638
279 0.957570136814
280 0.958265708342
281 0.95780199399
282 0.958883994145
283 0.953628564823
284 0.957260993913
285 0.957492851089
286 0.958652136969
287 0.957879279715
288 0.958342994067
289 0.957260993913
290 0.958342994067
291 0.957879279715
292 0.958883994145
293 0.957956565441
294 0.958188422617
295 0.958729422694
296 0.958806708419
297 0.958111136891
298 0.942885848974
299 0.958265708342
300 0.957879279715
