1 0.0655382950769
2 0.106345158052
3 0.190663884387
4 0.197387742491
5 0.265631037954
6 0.313780044835
7 0.34809490688
8 0.374449339219
9 0.42831748975
10 0.436741633832
11 0.500193214304
12 0.529098075576
13 0.502975500439
14 0.581188654446
15 0.621145374495
16 0.649818378564
17 0.674008810591
18 0.666589380932
19 0.689311384206
20 0.66604838091
21 0.740242677201
22 0.757709251147
23 0.74889867846
24 0.762037251766
25 0.785068397867
26 0.79256511327
27 0.799907257176
28 0.79735682824
29 0.816214545197
30 0.752608393253
31 0.796274828062
32 0.814436973514
33 0.834685833527
34 0.846278692349
35 0.85447097921
36 0.838781976969
37 0.862199551743
38 0.864131694899
39 0.843264549061
40 0.838550119816
41 0.872864981861
42 0.878197696885
43 0.87386969629
44 0.859108122753
45 0.88638998377
46 0.872478553211
47 0.87680655383
48 0.896359842337
49 0.881289125921
50 0.895896127985
51 0.879202411338
52 0.893732127699
53 0.905634129376
54 0.89156812739
55 0.898446556921
56 0.864518123526
57 0.910812272996
58 0.916222273746
59 0.914290130613
60 0.9231007033
61 0.921477703068
62 0.913749130559
63 0.926501275214
64 0.921323131618
65 0.923564417652
66 0.911816987402
67 0.927660561094
68 0.933147847593
69 0.896668985261
70 0.91653141667
71 0.931756704537
72 0.932761418966
73 0.926810418139
74 0.906175129477
75 0.937939562586
76 0.932220418889
77 0.929051704173
78 0.925341989358
79 0.930210990053
80 0.905479557949
81 0.933843419144
82 0.941185563027
83 0.940644562949
84 0.944972563568
85 0.94195842028
86 0.943194991885
87 0.945358992194
88 0.946363706623
89 0.945899992271
90 0.944354277765
91 0.947754849679
92 0.942885848984
93 0.906175129477
94 0.946518278097
95 0.949996135714
96 0.948527706956
97 0.946131849447
98 0.950614421516
99 0.948914135559
100 0.946904706724
101 0.940876420125
102 0.952469278947
103 0.95138727877
104 0.952546564673
105 0.937553133936
106 0.952855707551
107 0.94443156349
108 0.927351418216
109 0.942190277479
110 0.953164850452
111 0.952160136046
112 0.954787850684
113 0.942576706105
114 0.946131849447
115 0.952237421748
116 0.941571991676
117 0.950614421516
118 0.955251565036
119 0.953087564727
120 0.956488136641
121 0.956024422289
122 0.948604992658
123 0.957647422521
124 0.956797279542
125 0.952623850398
126 0.910039415743
127 0.953473993353
128 0.958883994126
129 0.95617899374
130 0.959193137028
131 0.955406136487
132 0.941803848852
133 0.95038256434
134 0.95617899374
135 0.946054563745
136 0.937012133882
137 0.959579565654
138 0.958497565523
139 0.961511708787
140 0.958188422598
141 0.960738851534
142 0.95749285107
143 0.953164850452
144 0.940953705874
145 0.960661565809
146 0.961202565886
147 0.960120565732
148 0.961820851689
149 0.95733827962
150 0.960429708633
151 0.960816137259
152 0.961975423139
153 0.961434423062
154 0.949918850011
155 0.960275137205
156 0.958806708401
157 0.960275137182
158 0.961125280161
159 0.961125280161
160 0.960816137259
161 0.960893422985
162 0.963057423294
163 0.961047994435
164 0.959734137105
165 0.962284566041
166 0.952623850375
167 0.962052708865
168 0.962516423217
169 0.958883994149
170 0.95981142283
171 0.960275137205
172 0.961434423085
173 0.962593708942
174 0.963752994822
175 0.963521137646
176 0.963211994768
177 0.961588994513
178 0.961975423162
179 0.962593708942
180 0.963752994822
181 0.961357137337
182 0.962052708888
183 0.961588994513
184 0.963134709042
185 0.962980137569
186 0.963984851998
187 0.96328928047
188 0.961588994513
189 0.963134709019
190 0.962902851843
191 0.963598423371
192 0.963057423317
193 0.964371280624
194 0.955869850839
195 0.963752994822
196 0.960043280006
197 0.963907566273
198 0.964525852098
199 0.961588994513
200 0.963984851998
201 0.964062137723
202 0.96444856635
203 0.960506994381
204 0.964834994976
205 0.963752994822
206 0.958961279852
207 0.964448566373
208 0.964371280624
209 0.964603137823
210 0.963907566273
211 0.963443851921
212 0.963366566195
213 0.964757709251
214 0.964525852075
215 0.960661565809
216 0.965144137878
217 0.961047994435
218 0.956410850916
219 0.961434423085
220 0.964371280624
221 0.965375995054
222 0.96328928047
223 0.964293994899
224 0.964062137723
225 0.962825566118
226 0.963984852021
227 0.96328928047
228 0.96328928047
229 0.96560785223
230 0.965685137955
231 0.963443851921
232 0.965144137878
233 0.96383028057
234 0.964371280624
235 0.963366566218
236 0.965453280779
237 0.957183708169
238 0.965221423603
239 0.965916995131
240 0.964371280624
241 0.961279851611
242 0.965916995131
243 0.962980137592
244 0.934770847847
245 0.964757709251
246 0.96328928047
247 0.964448566373
248 0.9646031378
249 0.966612566659
250 0.961743565986
251 0.96444856635
252 0.965453280779
253 0.966071566582
254 0.963211994768
255 0.963443851921
256 0.96576242368
257 0.965298709328
258 0.965221423603
259 0.965685137955
260 0.96367570912
261 0.961820851689
262 0.966148852307
263 0.963830280547
264 0.965685137955
265 0.964371280624
266 0.964834994976
267 0.964680423526
268 0.965685137955
269 0.965298709328
270 0.966071566605
271 0.964757709251
272 0.966303423758
273 0.965298709328
274 0.965916995131
275 0.963907566273
276 0.9646031378
277 0.963675709097
278 0.965298709328
279 0.966148852307
280 0.964912280702
281 0.965066852152
282 0.966303423758
283 0.96444856635
284 0.962825566118
285 0.965916995131
286 0.965916995131
287 0.966457995208
288 0.965994280856
289 0.965916995131
290 0.966689852384
291 0.96097070871
292 0.965994280856
293 0.965916995131
294 0.966148852307
295 0.964371280648
296 0.966303423758
297 0.965530566504
298 0.96560785223
299 0.964834994999
300 0.962825566118
