1 0.0666975809568
2 0.121802303122
3 0.132622304667
4 0.204498029216
5 0.267872323984
6 0.308756472686
7 0.320735760114
8 0.382177911749
9 0.406909343853
10 0.455290207908
11 0.470515495797
12 0.513563644804
13 0.536053790874
14 0.568050081162
15 0.625937089431
16 0.630960661577
17 0.64332637763
18 0.688615812673
19 0.68003709716
20 0.716206816612
21 0.737769533981
22 0.752917536122
23 0.754231393475
24 0.767060823857
25 0.738619676992
26 0.785841255166
27 0.777571682529
28 0.804467114942
29 0.812659401855
30 0.799366257071
31 0.829816832877
32 0.824020403478
33 0.832135404609
34 0.834840405023
35 0.828502975546
36 0.823092974774
37 0.84179612028
38 0.837313548234
39 0.86134940881
40 0.857175979643
41 0.86961898142
42 0.868846124144
43 0.861735837414
44 0.860576551534
45 0.854470979229
46 0.862044980338
47 0.886930983893
48 0.886699126694
49 0.888244841224
50 0.859726408578
51 0.873019553312
52 0.892418270369
53 0.875183553621
54 0.869232552771
55 0.898446556967
56 0.883839554857
57 0.861426694536
58 0.904165700618
59 0.89674627101
60 0.887703841147
61 0.907720844006
62 0.908725558435
63 0.901228843079
64 0.894659556403
65 0.914521987812
66 0.913130844756
67 0.918231702628
68 0.918308988353
69 0.89094984161
70 0.901924414607
71 0.920704845838
72 0.9236417034
73 0.893268413347
74 0.92596027516
75 0.919622845683
76 0.919700131409
77 0.924878275006
78 0.924955560754
79 0.929206275624
80 0.93059741868
81 0.926269418062
82 0.920472988639
83 0.928433418371
84 0.920318417211
85 0.932606847515
86 0.931215704459
87 0.935852847979
88 0.936934848134
89 0.933611561945
90 0.934848133573
91 0.919931988608
92 0.924800989257
93 0.915681273692
94 0.93600741943
95 0.934307133472
96 0.939253419916
97 0.93484813355
98 0.936393848056
99 0.927969703996
100 0.939717134245
101 0.940567277224
102 0.88677641242
103 0.940567277224
104 0.941108277301
105 0.934152562022
106 0.94443156349
107 0.925805703687
108 0.946363706623
109 0.939871705696
110 0.94311770616
111 0.943967849138
112 0.946518278074
113 0.944972563568
114 0.943040420434
115 0.942190277456
116 0.946672849525
117 0.94427699204
118 0.944586134941
119 0.947136563877
120 0.921864131695
121 0.947832135405
122 0.94922327846
123 0.947754849679
124 0.947059278151
125 0.948141278306
126 0.94790942113
127 0.946131849447
128 0.948141278306
129 0.94906870701
130 0.946363706623
131 0.9231007033
132 0.94906870701
133 0.948063992581
134 0.949532421362
135 0.95022799289
136 0.948759564109
137 0.951309993044
138 0.950305278615
139 0.952469278924
140 0.949377849911
141 0.94906870701
142 0.952160136023
143 0.952082850298
144 0.950614421516
145 0.951619135946
146 0.951078135868
147 0.950691707242
148 0.940258134323
149 0.948604992658
150 0.950073421439
151 0.95254656465
152 0.95138727877
153 0.953551279079
154 0.953164850452
155 0.948604992658
156 0.949377849911
157 0.95038256434
158 0.943890563413
159 0.944586134941
160 0.953087564727
161 0.951850993122
162 0.953783136255
163 0.924028132004
164 0.952932993276
165 0.954092279156
166 0.954169564881
167 0.951928278847
168 0.951000850143
169 0.952391993199
170 0.954169564881
171 0.955328850761
172 0.953783136255
173 0.953319421903
174 0.954555993508
175 0.955637993663
176 0.953087564727
177 0.955483422212
178 0.945513563645
179 0.956719993817
180 0.947522992503
181 0.948527706933
182 0.952082850298
183 0.956797279542
184 0.9407991344
185 0.954324136332
186 0.956565422366
187 0.956024422289
188 0.951773707396
189 0.956333565191
190 0.954092279156
191 0.955560707937
192 0.95501970786
193 0.956410850916
194 0.956101708015
195 0.947291135327
196 0.956719993817
197 0.92541927506
198 0.934538990648
199 0.955483422212
200 0.954014993431
201 0.957724708246
202 0.956024422289
203 0.957647422521
204 0.955560707937
205 0.953473993353
206 0.947445706778
207 0.956951850993
208 0.955251565036
209 0.955560707937
210 0.954478707783
211 0.955406136487
212 0.956488136641
213 0.957647422521
214 0.956642708092
215 0.958883994126
216 0.957647422521
217 0.940567277224
218 0.958806708401
219 0.95501970786
220 0.954092279156
221 0.958265708324
222 0.95865213695
223 0.956024422289
224 0.958729422676
225 0.956874565268
226 0.955715279388
227 0.958033851148
228 0.956719993817
229 0.958188422598
230 0.957801993972
231 0.95617899374
232 0.956101708015
233 0.952082850298
234 0.957724708246
235 0.957260993894
236 0.957647422521
237 0.957801993972
238 0.957956565422
239 0.957801993972
240 0.956101708015
241 0.958729422676
242 0.958111136873
243 0.946518278074
244 0.95865213695
245 0.955947136564
246 0.957106422444
247 0.95733827962
248 0.959347708478
249 0.958342994049
250 0.959424994204
251 0.955483422212
252 0.959502279929
253 0.9584975655
254 0.957415565345
255 0.958265708324
256 0.958806708401
257 0.954014993431
258 0.957647422521
259 0.958188422598
260 0.959347708478
261 0.958574851225
262 0.959115851302
263 0.957801993972
264 0.957106422444
265 0.959115851302
266 0.958111136873
267 0.959115851302
268 0.957415565345
269 0.953705850529
270 0.95865213695
271 0.958961279852
272 0.958033851148
273 0.95965685138
274 0.959579565654
275 0.959734137105
276 0.958806708401
277 0.959424994204
278 0.958265708324
279 0.959115851302
280 0.948914135559
281 0.958574851225
282 0.954710564959
283 0.960043280006
284 0.95965685138
285 0.959734137105
286 0.95865213695
287 0.958111136873
288 0.959193137028
289 0.959193137028
290 0.959270422753
291 0.959038565577
292 0.95733827962
293 0.959734137105
294 0.958033851148
295 0.959115851302
296 0.958574851225
297 0.957647422521
298 0.952082850298
299 0.959038565577
300 0.959347708478
