1 0.0776721539532
2 0.121106731589
3 0.190586598662
4 0.247468892505
5 0.27884689699
6 0.31872633126
7 0.370739624382
8 0.384187340589
9 0.415565345072
10 0.443388206189
11 0.477393925333
12 0.507303501034
13 0.51232707318
14 0.535899219433
15 0.586753226697
16 0.628796661247
17 0.632119947436
18 0.66264780894
19 0.692480098917
20 0.675477239372
21 0.660483808659
22 0.705232243595
23 0.758945822725
24 0.74712110675
25 0.776257825226
26 0.791792256016
27 0.793878970573
28 0.813200401904
29 0.812272973228
30 0.834917690721
31 0.81235025893
32 0.845196692189
33 0.83793183399
34 0.859803694281
35 0.856944122444
36 0.855784836559
37 0.845505835118
38 0.878584125512
39 0.874951696468
40 0.881443697395
41 0.828889404127
42 0.891336270237
43 0.887085555344
44 0.901306128781
45 0.885385269364
46 0.849292835636
47 0.900301414329
48 0.904552129245
49 0.899451271373
50 0.913439987657
51 0.876342839501
52 0.903701986243
53 0.871319267354
54 0.916763273823
55 0.908029986861
56 0.915526702218
57 0.896823556735
58 0.908957415588
59 0.916763273823
60 0.918154416879
61 0.910734987248
62 0.912589844656
63 0.924723703532
64 0.924028132004
65 0.924646417807
66 0.899373985625
67 0.920472988662
68 0.931988561713
69 0.91003941572
70 0.930983847283
71 0.921013988739
72 0.91637684522
73 0.935311847902
74 0.936857562408
75 0.917767988253
76 0.929128989876
77 0.932915990417
78 0.933302419066
79 0.928510704073
80 0.937553133936
81 0.929669989953
82 0.935466419352
83 0.923564417675
84 0.933997990571
85 0.942422134632
86 0.938171419739
87 0.94327227761
88 0.943890563413
89 0.941108277301
90 0.924646417807
91 0.945822706546
92 0.945513563645
93 0.944508849216
94 0.942731277533
95 0.942422134632
96 0.940721848675
97 0.944817992117
98 0.945358992194
99 0.945204420743
100 0.946131849447
101 0.927428703918
102 0.948450421207
103 0.94906870701
104 0.943813277688
105 0.944972563568
106 0.946672849525
107 0.950768992967
108 0.946904706701
109 0.942576706082
110 0.949918849988
111 0.945745420821
112 0.933070561867
113 0.946827420975
114 0.919931988562
115 0.924337274905
116 0.950459850066
117 0.92673313239
118 0.952160136023
119 0.953705850529
120 0.949300564186
121 0.951928278847
122 0.950150707164
123 0.944199706314
124 0.952391993199
125 0.952932993276
126 0.94311770616
127 0.953783136255
128 0.953628564804
129 0.947600278229
130 0.953473993353
131 0.941108277301
132 0.953705850529
133 0.951078135868
134 0.95254656465
135 0.935775562254
136 0.953087564727
137 0.93538913365
138 0.952623850375
139 0.942499420357
140 0.954633279233
141 0.93252956179
142 0.944508849216
143 0.957106422444
144 0.955406136487
145 0.955406136487
146 0.956797279542
147 0.955406136487
148 0.948527706933
149 0.957801993972
150 0.956565422366
151 0.955560707937
152 0.94922327846
153 0.954169564881
154 0.955869850839
155 0.957415565345
156 0.953473993353
157 0.958188422598
158 0.956333565191
159 0.956642708092
160 0.957724708246
161 0.957106422444
162 0.958033851148
163 0.956488136641
164 0.955637993663
165 0.958806708401
166 0.957106422444
167 0.957647422521
168 0.957260993894
169 0.956565422366
170 0.958342994049
171 0.959347708478
172 0.959965994281
173 0.958729422676
174 0.958265708324
175 0.944972563568
176 0.959347708478
177 0.957724708246
178 0.95981142283
179 0.95865213695
180 0.958033851148
181 0.957956565422
182 0.9584975655
183 0.960043280006
184 0.959038565577
185 0.874178839168
186 0.957183708169
187 0.959115851302
188 0.960043280006
189 0.959038565577
190 0.960043280006
191 0.952932993276
192 0.960120565732
193 0.959888708556
194 0.959888708556
195 0.959734137105
196 0.959888708556
197 0.961202565886
198 0.960429708633
199 0.960893422985
200 0.961202565886
201 0.961434423062
202 0.959424994204
203 0.958961279852
204 0.960738851534
205 0.961434423062
206 0.961743565963
207 0.960816137259
208 0.953319421903
209 0.962207280315
210 0.958883994126
211 0.957415565345
212 0.961743565963
213 0.962516423217
214 0.960352422907
215 0.961434423062
216 0.961047994435
217 0.961434423062
218 0.95981142283
219 0.959115851302
220 0.959579565654
221 0.95501970786
222 0.961666280238
223 0.958342994049
224 0.961202565886
225 0.961898137414
226 0.961898137414
227 0.958806708401
228 0.962361851766
229 0.962207280315
230 0.96097070871
231 0.961125280161
232 0.963134709019
233 0.961202565886
234 0.960893422985
235 0.963443851921
236 0.962980137569
237 0.961975423139
238 0.962670994667
239 0.960584280083
240 0.95865213695
241 0.962980137569
242 0.959734137105
243 0.963057423294
244 0.962980137569
245 0.962284566041
246 0.962748280393
247 0.962980137569
248 0.962902851843
249 0.96328928047
250 0.962748280393
251 0.963521137646
252 0.962980137569
253 0.962670994667
254 0.963057423294
255 0.962825566118
256 0.963443851921
257 0.959502279929
258 0.962902851843
259 0.961820851689
260 0.963443851921
261 0.963211994745
262 0.942267563204
263 0.950614421516
264 0.963984851998
265 0.961666280238
266 0.962670994667
267 0.963984851998
268 0.963211994745
269 0.964139423448
270 0.963521137646
271 0.963521137646
272 0.964139423448
273 0.961820851689
274 0.962207280315
275 0.963057423294
276 0.960506994358
277 0.963134709019
278 0.964139423448
279 0.963057423294
280 0.963366566195
281 0.964216709174
282 0.964293994899
283 0.9646031378
284 0.963830280547
285 0.964525852075
286 0.964525852075
287 0.964680423526
288 0.963984851998
289 0.961511708787
290 0.964062137723
291 0.965221423603
292 0.964216709174
293 0.96444856635
294 0.963675709097
295 0.964757709251
296 0.964293994899
297 0.935775562254
298 0.964371280624
299 0.963752994822
300 0.964139423448
