1 0.0726485818092
2 0.12373444625
3 0.137568591084
4 0.210449030071
5 0.267485895362
6 0.307597186809
7 0.309606615667
8 0.341602905955
9 0.3765360538
10 0.388747198402
11 0.454285493479
12 0.514181930604
13 0.484426926358
14 0.546719220974
15 0.572378081782
16 0.576628796652
17 0.6474998068
18 0.650900378712
19 0.684828812109
20 0.673931524861
21 0.704227529194
22 0.712419816051
23 0.745188963617
24 0.727181389616
25 0.785841255139
26 0.787696112546
27 0.808717829835
28 0.819305974205
29 0.788391684047
30 0.831903547433
31 0.838086405459
32 0.853466264799
33 0.851456835968
34 0.850915835864
35 0.837313548206
36 0.873560553384
37 0.876883839573
38 0.866218409506
39 0.866295695204
40 0.873869696313
41 0.886544555239
42 0.892109127463
43 0.892186413216
44 0.873174124758
45 0.903006414761
46 0.880284411515
47 0.890176984357
48 0.900842414452
49 0.869309838496
50 0.895664270832
51 0.913594559131
52 0.910812273019
53 0.911044130172
54 0.893809413424
55 0.911121415898
56 0.895432413656
57 0.913208130481
58 0.907643558258
59 0.920395702937
60 0.922559703269
61 0.916840559572
62 0.924105417752
63 0.921554988817
64 0.919700131409
65 0.919468274233
66 0.926810418139
67 0.923950846302
68 0.905711415125
69 0.930210990053
70 0.92827884692
71 0.924878275029
72 0.927815132568
73 0.929669989976
74 0.928046989744
75 0.929360847075
76 0.928124275469
77 0.937321276783
78 0.926423989512
79 0.938712419839
80 0.936239276629
81 0.939948991444
82 0.936239276629
83 0.938789705564
84 0.937475848234
85 0.939639848543
86 0.930829275879
87 0.937862276861
88 0.93075199013
89 0.934307133495
90 0.919777417134
91 0.931679418834
92 0.939485277092
93 0.943581420535
94 0.941571991676
95 0.933534276242
96 0.928433418371
97 0.946363706646
98 0.93886699129
99 0.943735991985
100 0.946209135196
101 0.946054563745
102 0.943194991908
103 0.941649277402
104 0.940721848698
105 0.924723703555
106 0.945204420767
107 0.940103562895
108 0.946209135196
109 0.947522992526
110 0.949686992835
111 0.948527706956
112 0.949068707033
113 0.948063992604
114 0.949300564209
115 0.948373135505
116 0.932065847461
117 0.950459850089
118 0.948682278406
119 0.946440992372
120 0.950691707265
121 0.92480098928
122 0.941958420303
123 0.951773707419
124 0.948141278329
125 0.95076899299
126 0.948914135582
127 0.95192827887
128 0.949764278561
129 0.937321276783
130 0.952623850398
131 0.935466419375
132 0.95076899299
133 0.954014993454
134 0.952701136123
135 0.952546564673
136 0.946904706724
137 0.952855707574
138 0.954555993531
139 0.952160136046
140 0.952082850321
141 0.953010279025
142 0.942808563281
143 0.952623850398
144 0.952855707574
145 0.953705850552
146 0.949532421385
147 0.955019707883
148 0.953705850552
149 0.95540613651
150 0.954169564904
151 0.947986706878
152 0.950073421462
153 0.951000850166
154 0.951541850243
155 0.949841564286
156 0.957029136741
157 0.955715279411
158 0.955637993686
159 0.955792565136
160 0.954942422158
161 0.955869850862
162 0.952469278947
163 0.956797279566
164 0.958265708347
165 0.951619135969
166 0.957570136819
167 0.95540613651
168 0.951464564518
169 0.956874565291
170 0.94249942038
171 0.958188422621
172 0.956642708115
173 0.926269418062
174 0.957338279643
175 0.957724708269
176 0.95440142208
177 0.958265708347
178 0.958188422621
179 0.949841564286
180 0.957029136741
181 0.958652136973
182 0.959579565677
183 0.957956565445
184 0.958497565523
185 0.953010279025
186 0.959579565677
187 0.956951851016
188 0.954633279256
189 0.959270422776
190 0.948063992604
191 0.959193137051
192 0.93175670456
193 0.958265708347
194 0.960584280107
195 0.959347708501
196 0.949686992835
197 0.96019785148
198 0.959734137128
199 0.960738851557
200 0.960275137205
201 0.959656851403
202 0.960275137205
203 0.959965994304
204 0.959965994304
205 0.957338279643
206 0.959811422853
207 0.962129994613
208 0.960043280029
209 0.958652136973
210 0.960275137205
211 0.96135713736
212 0.959502279952
213 0.959579565677
214 0.959811422853
215 0.958420279797
216 0.919545559958
217 0.959502279952
218 0.960120565755
219 0.961279851634
220 0.960584280107
221 0.961666280261
222 0.961666280261
223 0.961125280184
224 0.961743565986
225 0.958729422699
226 0.960661565832
227 0.959115851325
228 0.961898137437
229 0.961434423085
230 0.960661565832
231 0.960893423008
232 0.962284566064
233 0.960893423008
234 0.959502279952
235 0.962361851789
236 0.96135713736
237 0.959270422776
238 0.958806708424
239 0.961743565986
240 0.961975423162
241 0.960120565755
242 0.959347708501
243 0.961588994536
244 0.962284566064
245 0.962207280338
246 0.962825566141
247 0.962284566064
248 0.96267099469
249 0.963134709042
250 0.962361851789
251 0.961666280261
252 0.963521137669
253 0.962980137592
254 0.961047994458
255 0.957415565368
256 0.960352422931
257 0.961975423162
258 0.961666280261
259 0.96267099469
260 0.96251642324
261 0.962825566141
262 0.961743565986
263 0.962361851789
264 0.962825566141
265 0.963057423317
266 0.959656851403
267 0.963598423394
268 0.962439137514
269 0.962129994613
270 0.961125280184
271 0.962207280338
272 0.959347708501
273 0.955947136587
274 0.963289280493
275 0.961898137437
276 0.961820851712
277 0.962284566064
278 0.962748280416
279 0.963289280493
280 0.962593708965
281 0.962593708965
282 0.962207280338
283 0.961820851712
284 0.962902851866
285 0.963366566218
286 0.959270422776
287 0.963521137669
288 0.962207280338
289 0.96267099469
290 0.963366566218
291 0.960816137282
292 0.963134709042
293 0.963057423317
294 0.963752994845
295 0.963443851944
296 0.958342994072
297 0.962825566141
298 0.963366566218
299 0.961898137437
300 0.958883994149
