1 0.0580415797202
2 0.101785300257
3 0.174047453442
4 0.206816600981
5 0.270345467199
6 0.275987325148
7 0.326454903784
8 0.345699049395
9 0.423603060526
10 0.400417342924
11 0.471288353055
12 0.477316639626
13 0.559548651355
14 0.541927506013
15 0.575160367926
16 0.604297086374
17 0.587448798253
18 0.654996522188
19 0.674704382147
20 0.698121956898
21 0.74240667751
22 0.732050390316
23 0.751062678746
24 0.767138109614
25 0.769456681351
26 0.757168251047
27 0.805008115024
28 0.78506839789
29 0.802380400363
30 0.770538681529
31 0.820928974441
32 0.830821547283
33 0.840250405773
34 0.85733055107
35 0.814359687766
36 0.843419120511
37 0.858876265577
38 0.863977123448
39 0.864054409174
40 0.856171265167
41 0.878274982634
42 0.876961125303
43 0.888012984025
44 0.87927969704
45 0.882448411801
46 0.892109127444
47 0.89597341371
48 0.887394698199
49 0.902388128913
50 0.907875415411
51 0.903238271914
52 0.869232552748
53 0.902001700286
54 0.911739701677
55 0.898060128294
56 0.897982842569
57 0.911198701623
58 0.882139268877
59 0.916840559549
60 0.904706700672
61 0.922482417497
62 0.869541695672
63 0.924182703455
64 0.919313702759
65 0.898523842646
66 0.899760414251
67 0.915681273669
68 0.916608702373
69 0.932374990339
70 0.932993276142
71 0.926501275238
72 0.930597418657
73 0.906484272355
74 0.906252415179
75 0.930829275833
76 0.933379704769
77 0.928510704073
78 0.938094134013
79 0.920859417266
80 0.938171419739
81 0.939098848443
82 0.935311847902
83 0.938403276915
84 0.924028132004
85 0.93732127676
86 0.930906561558
87 0.943658706237
88 0.940026277147
89 0.94211299173
90 0.942963134709
91 0.943967849138
92 0.939871705696
93 0.940103562872
94 0.927815132545
95 0.945127135018
96 0.945049849293
97 0.939485277069
98 0.940103562872
99 0.948295849757
100 0.915140273591
101 0.938944276992
102 0.947445706778
103 0.951232707319
104 0.949841564263
105 0.937398562486
106 0.950537135791
107 0.946518278074
108 0.94922327846
109 0.950768992967
110 0.930288275755
111 0.949686992812
112 0.953396707628
113 0.951850993122
114 0.948914135559
115 0.950846278692
116 0.951928278847
117 0.951850993122
118 0.952932993276
119 0.953164850452
120 0.945204420743
121 0.953551279079
122 0.95254656465
123 0.911585130226
124 0.951773707396
125 0.948141278306
126 0.944972563568
127 0.938635134091
128 0.953164850452
129 0.937398562486
130 0.954092279156
131 0.955715279388
132 0.954246850607
133 0.939871705696
134 0.955483422212
135 0.956101708015
136 0.951464564495
137 0.955715279388
138 0.956101708015
139 0.955174279311
140 0.955174279311
141 0.91003941572
142 0.956410850916
143 0.946131849447
144 0.9584975655
145 0.924878274983
146 0.932993276142
147 0.955869850839
148 0.956410850916
149 0.95865213695
150 0.955251565036
151 0.957724708246
152 0.918927274132
153 0.954246850607
154 0.957029136718
155 0.957647422521
156 0.956410850916
157 0.956565422366
158 0.934925419275
159 0.957801993972
160 0.956951850993
161 0.957724708246
162 0.957183708169
163 0.959347708478
164 0.956333565191
165 0.959502279929
166 0.959579565654
167 0.95965685138
168 0.956719993817
169 0.955406136487
170 0.954710564959
171 0.960043280006
172 0.952314707474
173 0.959347708478
174 0.960584280083
175 0.959579565654
176 0.960506994358
177 0.959965994281
178 0.958033851148
179 0.959347708478
180 0.958342994049
181 0.95965685138
182 0.950691707242
183 0.943658706237
184 0.959347708478
185 0.955637993663
186 0.95733827962
187 0.961279851611
188 0.959038565577
189 0.95981142283
190 0.961047994435
191 0.954169564881
192 0.958265708324
193 0.961125280161
194 0.959965994281
195 0.959965994281
196 0.959888708556
197 0.960584280083
198 0.960738851534
199 0.957879279697
200 0.961047994435
201 0.961511708787
202 0.934770847824
203 0.949145992735
204 0.962284566041
205 0.962825566118
206 0.960816137259
207 0.961357137337
208 0.94311770616
209 0.961202565886
210 0.961047994435
211 0.961975423139
212 0.9584975655
213 0.961434423062
214 0.95965685138
215 0.961357137337
216 0.962825566118
217 0.962207280315
218 0.956951850993
219 0.962361851766
220 0.956024422289
221 0.961666280238
222 0.958574851225
223 0.962670994667
224 0.961820851689
225 0.949455135659
226 0.963366566195
227 0.961279851611
228 0.961357137337
229 0.962439137491
230 0.963134709019
231 0.962439137491
232 0.961588994513
233 0.962593708942
234 0.963366566195
235 0.961975423139
236 0.963598423371
237 0.961511708787
238 0.963057423294
239 0.962825566118
240 0.962980137569
241 0.963366566195
242 0.959579565654
243 0.962284566041
244 0.961434423062
245 0.962361851766
246 0.963984851998
247 0.95965685138
248 0.963211994745
249 0.962361851766
250 0.964062137723
251 0.963443851921
252 0.961820851689
253 0.964371280624
254 0.963907566273
255 0.962516423217
256 0.963598423371
257 0.963752994822
258 0.963830280547
259 0.963907566273
260 0.948141278306
261 0.963521137646
262 0.962670994667
263 0.962825566118
264 0.964757709251
265 0.964757709251
266 0.963984851998
267 0.964371280624
268 0.964216709174
269 0.953783136255
270 0.963907566273
271 0.964293994899
272 0.964834994976
273 0.964062137723
274 0.963907566273
275 0.965066852152
276 0.964912280702
277 0.964834994976
278 0.964757709251
279 0.963134709019
280 0.962516423217
281 0.963752994822
282 0.963830280547
283 0.964062137723
284 0.964062137723
285 0.964062137723
286 0.96444856635
287 0.964680423526
288 0.964216709174
289 0.964757709251
290 0.965066852152
291 0.963211994745
292 0.964680423526
293 0.963598423371
294 0.964834994976
295 0.963057423294
296 0.963211994745
297 0.958961279852
298 0.964680423526
299 0.965144137878
300 0.964216709174
