1 0.0758945822707
2 0.174202024891
3 0.227220032465
4 0.282170183176
5 0.308370044062
6 0.362392766063
7 0.320890331565
8 0.432568204666
9 0.482262926056
10 0.490764355814
11 0.523301646177
12 0.565499652205
13 0.621531803094
14 0.640080377173
15 0.654919236463
16 0.682201097476
17 0.638689234117
18 0.732900533295
19 0.728108818347
20 0.761650823116
21 0.73699667676
22 0.782981683306
23 0.773630110542
24 0.74124739163
25 0.777262539632
26 0.775253110773
27 0.803462400495
28 0.778962825612
29 0.779271968467
30 0.810263544323
31 0.801452971659
32 0.837313548188
33 0.797743256843
34 0.853852693408
35 0.85083855012
36 0.847437978205
37 0.873174124739
38 0.844732977819
39 0.860808408687
40 0.859339979906
41 0.866913980988
42 0.871396553057
43 0.859339979906
44 0.884225983461
45 0.886003555143
46 0.878970554139
47 0.884844269263
48 0.878738696986
49 0.88924955563
50 0.898601128372
51 0.904629414947
52 0.909421129917
53 0.912280701754
54 0.911044130149
55 0.903083700441
56 0.911739701677
57 0.913671844833
58 0.889790555707
59 0.921400417343
60 0.907488986784
61 0.896514413811
62 0.91405827346
63 0.922250560322
64 0.925728417961
65 0.892495556071
66 0.919931988562
67 0.924259989203
68 0.928124275446
69 0.926114846588
70 0.929901847129
71 0.931524847361
72 0.92178684597
73 0.912898987557
74 0.927737846843
75 0.928742561249
76 0.935389133627
77 0.936316562331
78 0.933070561867
79 0.936548419507
80 0.929360847052
81 0.93616199088
82 0.938944276992
83 0.936393848056
84 0.935466419375
85 0.928356132622
86 0.927428703918
87 0.942808563258
88 0.937475848211
89 0.937630419661
90 0.936780276683
91 0.940412705773
92 0.93886699129
93 0.891336270191
94 0.931138418734
95 0.943194991885
96 0.932915990417
97 0.930829275833
98 0.947059278151
99 0.939176134168
100 0.945899992271
101 0.936161990903
102 0.944895277842
103 0.928819846974
104 0.943040420434
105 0.948063992581
106 0.948218564031
107 0.939871705719
108 0.944354277788
109 0.946054563722
110 0.948218564031
111 0.946131849447
112 0.92039570296
113 0.947600278229
114 0.950537135791
115 0.948682278383
116 0.947600278229
117 0.942653991808
118 0.949996135714
119 0.881057268745
120 0.948991421284
121 0.947059278151
122 0.952391993199
123 0.946904706701
124 0.952932993276
125 0.942885848984
126 0.946827420975
127 0.951232707319
128 0.95254656465
129 0.952082850298
130 0.952469278924
131 0.952005564572
132 0.952778421825
133 0.953783136255
134 0.955947136564
135 0.955174279311
136 0.955174279311
137 0.93616199088
138 0.956024422289
139 0.951928278847
140 0.925110132159
141 0.956951850993
142 0.953705850529
143 0.944508849216
144 0.928124275469
145 0.956024422289
146 0.936857562408
147 0.954169564881
148 0.938403276938
149 0.95617899374
150 0.955328850761
151 0.948373135482
152 0.954787850684
153 0.953319421903
154 0.954555993508
155 0.954169564881
156 0.954633279233
157 0.958265708324
158 0.956410850916
159 0.952237421748
160 0.957647422521
161 0.957106422444
162 0.951928278847
163 0.956256279465
164 0.956178993763
165 0.956410850916
166 0.959270422753
167 0.956719993817
168 0.953705850529
169 0.956874565268
170 0.956410850916
171 0.955328850761
172 0.958033851148
173 0.954478707783
174 0.957724708246
175 0.949455135659
176 0.957260993894
177 0.958342994049
178 0.958420279774
179 0.956951850993
180 0.960584280083
181 0.947909421153
182 0.958729422676
183 0.958883994126
184 0.960197851457
185 0.959038565577
186 0.958729422676
187 0.948063992581
188 0.959270422753
189 0.956333565191
190 0.958188422598
191 0.958420279774
192 0.959193137028
193 0.960120565732
194 0.960661565809
195 0.960661565809
196 0.959193137028
197 0.960043280006
198 0.959888708556
199 0.95254656465
200 0.958961279852
