1 0.0573460081923
2 0.117938016855
3 0.166859880987
4 0.180848597271
5 0.20720302961
6 0.245845892268
7 0.272277610332
8 0.307983615433
9 0.340907334422
10 0.373367339059
11 0.400030914297
12 0.43620063375
13 0.471442924501
14 0.51565035939
15 0.546796506697
16 0.574078367737
17 0.609707087115
18 0.625705232234
19 0.649972950015
20 0.665893809432
21 0.681505525948
22 0.700363242927
23 0.721616817392
24 0.730350104354
25 0.73637839093
26 0.75600896519
27 0.769920395749
28 0.778421825535
29 0.780508540119
30 0.791328541664
31 0.805549115125
32 0.812659401855
33 0.820928974441
34 0.820078831486
35 0.832058118912
36 0.837545405387
37 0.843264549084
38 0.843264549061
39 0.85060669299
40 0.857407836819
41 0.85964912283
42 0.85903083705
43 0.867841409738
44 0.870159981497
45 0.875879125172
46 0.879125125635
47 0.88020712579
48 0.883762269132
49 0.885771698013
50 0.88809026975
51 0.888785841278
52 0.893422984821
53 0.897287271087
54 0.897982842592
55 0.90115155733
56 0.902465414661
57 0.902851843311
58 0.902929129013
59 0.905943272301
60 0.907643558258
61 0.91058041582
62 0.912512558976
63 0.912744416129
64 0.908029986884
65 0.91405827346
66 0.915758559417
67 0.918231702628
68 0.919004559881
69 0.920318417211
70 0.922018703169
71 0.920395702937
72 0.924878275006
73 0.924259989203
74 0.92580570371
75 0.927274132491
76 0.928124275469
77 0.926423989512
78 0.9288971327
79 0.93021099003
80 0.93021099003
81 0.930365561481
82 0.932838704691
83 0.933070561867
84 0.931756704537
85 0.935157276451
86 0.935466419352
87 0.937012133859
88 0.938016848288
89 0.938094134013
90 0.940180848597
91 0.938403276915
92 0.939717134245
93 0.940489991499
94 0.940180848597
95 0.941803848829
96 0.935234562176
97 0.941262848752
98 0.944895277842
99 0.943504134786
100 0.944354277765
101 0.94427699204
102 0.945204420743
103 0.945899992271
104 0.946209135173
105 0.946981992426
106 0.947600278229
107 0.946827420975
108 0.947522992503
109 0.94790942113
110 0.94675013525
111 0.949764278538
112 0.949300564186
113 0.949145992735
114 0.950073421439
115 0.949996135714
116 0.946440992349
117 0.950537135791
118 0.95138727877
119 0.95154185022
120 0.950923564418
121 0.952778421825
122 0.95254656465
123 0.952855707551
124 0.952932993276
125 0.951000850143
126 0.953551279079
127 0.949996135714
128 0.952932993276
129 0.953551279079
130 0.954092279156
131 0.953937707705
132 0.954092279156
133 0.955251565036
134 0.955096993585
135 0.954865136409
136 0.954633279233
137 0.955406136487
138 0.956488136641
139 0.954865136409
140 0.95501970786
141 0.955947136564
142 0.956101708015
143 0.955792565113
144 0.957029136718
145 0.956797279542
146 0.957879279697
147 0.956719993817
148 0.957570136796
149 0.957570136796
150 0.9584975655
151 0.9584975655
152 0.958806708401
153 0.958574851225
154 0.95749285107
155 0.958342994049
156 0.958420279774
157 0.95865213695
158 0.95865213695
159 0.960043280006
160 0.959965994281
161 0.960738851534
162 0.961047994435
163 0.959424994204
164 0.959579565654
165 0.961202565886
166 0.961357137337
167 0.961588994513
168 0.961666280238
169 0.961357137337
170 0.961588994513
171 0.961588994513
172 0.962902851843
173 0.962207280315
174 0.962593708942
175 0.962593708942
176 0.961975423139
177 0.962439137491
178 0.962748280393
179 0.963134709019
180 0.963057423294
181 0.963057423294
182 0.963830280547
183 0.963752994822
184 0.963675709097
185 0.963752994822
186 0.963830280547
187 0.963752994822
188 0.961202565886
189 0.963984851998
190 0.963830280547
191 0.963830280547
192 0.965375995054
193 0.964062137723
194 0.964293994899
195 0.964680423526
196 0.96444856635
197 0.964062137723
198 0.964680423526
199 0.9646031378
200 0.965375995054
