1 0.052554293222
2 0.120720302967
3 0.149470592784
4 0.179148311316
5 0.208207744034
6 0.255583893662
7 0.284102326307
8 0.321740474544
9 0.347863049709
10 0.3872014839
11 0.424375917759
12 0.45235335035
13 0.493005641872
14 0.53481721925
15 0.561326223065
16 0.593245227625
17 0.611484658807
18 0.638611948396
19 0.653218950483
20 0.675863668004
21 0.692170956047
22 0.703841100572
23 0.719066388461
24 0.733518819097
25 0.738155962617
26 0.759254965608
27 0.767215395316
28 0.772161681737
29 0.783058969008
30 0.788082541155
31 0.791173970168
32 0.802225828889
33 0.80585825798
34 0.813664116238
35 0.821469974496
36 0.820774402968
37 0.831517118788
38 0.832599118943
39 0.840714120102
40 0.840791405827
41 0.846819692403
42 0.847978978283
43 0.856480408069
44 0.86026740861
45 0.860962980138
46 0.863590694799
47 0.868614266945
48 0.86985083855
49 0.872864981838
50 0.875879125126
51 0.880670840096
52 0.884766983538
53 0.872942267563
54 0.887085555298
55 0.887394698199
56 0.891877270268
57 0.894195842028
58 0.886467269495
59 0.898523842646
60 0.898987556998
61 0.902542700363
62 0.902233557462
63 0.906097843728
64 0.905788700827
65 0.908261844037
66 0.912203416029
67 0.907566272509
68 0.910116701445
69 0.915758559394
70 0.916376845197
71 0.918849988407
72 0.919159131308
73 0.920472988639
74 0.922636988948
75 0.92062756009
76 0.924646417807
77 0.923718989103
78 0.926887703841
79 0.925651132236
80 0.928587989798
81 0.925882989412
82 0.929206275601
83 0.931447561635
84 0.932374990339
85 0.932993276142
86 0.934461704923
87 0.934229847747
88 0.929283561326
89 0.935620990803
90 0.936548419507
91 0.935930133704
92 0.935079990726
93 0.932143133163
94 0.93963984852
95 0.940335420048
96 0.940103562872
97 0.940876420125
98 0.942190277456
99 0.94327227761
100 0.939098848443
101 0.942731277533
102 0.941108277301
103 0.943504134786
104 0.944354277765
105 0.942885848984
106 0.945745420821
107 0.945436277919
108 0.946363706623
109 0.946286420898
110 0.945281706469
111 0.946672849525
112 0.948218564031
113 0.947754849679
114 0.948604992658
115 0.946286420898
116 0.949455135636
117 0.94922327846
118 0.949455135636
119 0.949841564263
120 0.950768992967
121 0.950305278615
122 0.951000850143
123 0.95038256434
124 0.952160136023
125 0.952314707474
126 0.951850993122
127 0.952778421825
128 0.95254656465
129 0.953628564804
130 0.953242136177
131 0.954092279156
132 0.954169564881
133 0.954478707783
134 0.95501970786
135 0.955869850839
136 0.955483422212
137 0.954555993508
138 0.955792565113
139 0.957183708169
140 0.955792565113
141 0.956410850916
142 0.955715279388
143 0.956101708015
144 0.957183708169
145 0.958111136873
146 0.957183708169
147 0.957724708246
148 0.958033851148
149 0.958729422676
150 0.958729422676
151 0.959347708478
152 0.95865213695
153 0.958883994126
154 0.959734137105
155 0.959115851302
156 0.959502279929
157 0.958265708324
158 0.95981142283
159 0.959734137105
160 0.959734137105
161 0.960816137259
162 0.95981142283
163 0.960584280083
164 0.96097070871
165 0.960352422907
166 0.960352422907
167 0.95981142283
168 0.961434423062
169 0.961125280161
170 0.961047994435
171 0.961202565886
172 0.960738851534
173 0.961666280238
174 0.961743565963
175 0.962516423217
176 0.961820851689
177 0.961743565963
178 0.962593708942
179 0.962593708942
180 0.962516423217
181 0.962361851766
182 0.962748280393
183 0.962439137491
184 0.962439137491
185 0.963366566195
186 0.962980137569
187 0.963598423371
188 0.963521137646
189 0.964216709174
190 0.963984851998
191 0.963752994822
192 0.964525852075
193 0.963907566273
194 0.963984851998
195 0.963521137646
196 0.964216709174
197 0.964139423448
198 0.964371280624
199 0.963830280547
200 0.964216709174
