1 0.100239585751
2 0.118788159836
3 0.20372517197
4 0.231470747364
5 0.310534044369
6 0.31316175903
7 0.381250483047
8 0.403586057664
9 0.446943349577
10 0.523688074803
11 0.534353504898
12 0.540072648596
13 0.616044516596
14 0.639771234276
15 0.653064379028
16 0.633742947724
17 0.661179380192
18 0.655614807968
19 0.709637529971
20 0.735991962285
21 0.731741247392
22 0.754695107814
23 0.769302109923
24 0.783599969086
25 0.797434113919
26 0.777494396785
27 0.813895973414
28 0.817992116879
29 0.80160754311
30 0.782981683283
31 0.790169255761
32 0.810340830049
33 0.835535976505
34 0.852306978901
35 0.862199551743
36 0.862585980369
37 0.855862122266
38 0.858335265476
39 0.85083855012
40 0.872014838859
41 0.877656696808
42 0.855089265013
43 0.875106267872
44 0.884148697736
45 0.896205270886
46 0.894814127831
47 0.872710410387
48 0.892109127444
49 0.89102712729
50 0.826416260917
51 0.886621840946
52 0.865213695031
53 0.880825411546
54 0.889326841332
55 0.911816987402
56 0.91003941572
57 0.880516268645
58 0.904629414947
59 0.903701986243
60 0.912435273205
61 0.91351727336
62 0.901074271582
63 0.918849988407
64 0.913594559085
65 0.930442847206
66 0.910734987248
67 0.930056418579
68 0.925960275137
69 0.93137027591
70 0.935234562176
71 0.93368884767
72 0.927660561094
73 0.926810418116
74 0.936934848134
75 0.934538990648
76 0.937398562486
77 0.909343844192
78 0.937475848211
79 0.918463559781
80 0.939871705696
81 0.940180848597
82 0.943658706237
83 0.939253419893
84 0.944122420589
85 0.938789705541
86 0.922636988948
87 0.946054563722
88 0.929979132854
89 0.904165700595
90 0.946054563722
91 0.932761418966
92 0.947136563877
93 0.943349563336
94 0.948682278383
95 0.945127135018
96 0.946054563722
97 0.945822706546
98 0.945513563645
99 0.930751990107
100 0.943967849138
101 0.949609707087
102 0.945127135018
103 0.949686992812
104 0.947600278229
105 0.938248705464
106 0.948836849834
107 0.9527011361
108 0.950614421516
109 0.942731277533
110 0.950459850066
111 0.94922327846
112 0.951773707396
113 0.952932993276
114 0.949764278538
115 0.943813277688
116 0.953473993353
117 0.942576706082
118 0.952932993276
119 0.952855707551
120 0.951696421671
121 0.951309993044
122 0.954942422135
123 0.953396707628
124 0.941881134554
125 0.95022799289
126 0.954710564959
127 0.954478707783
128 0.953010279001
129 0.946904706701
130 0.952932993276
131 0.949996135714
132 0.954401422057
133 0.952623850375
134 0.93484813355
135 0.956642708092
136 0.955947136564
137 0.954865136409
138 0.955792565113
139 0.955792565113
140 0.945822706546
141 0.955947136564
142 0.956642708092
143 0.95501970786
144 0.93963984852
145 0.953551279079
146 0.953087564727
147 0.956256279465
148 0.914908416415
149 0.957956565422
150 0.952778421825
151 0.956024422289
152 0.958806708401
153 0.955251565036
154 0.957647422521
155 0.95749285107
156 0.957801993972
157 0.955947136564
158 0.957260993894
159 0.958729422676
160 0.957415565345
161 0.956565422366
162 0.958574851225
163 0.95749285107
164 0.955483422212
165 0.955560707937
166 0.954865136409
167 0.957879279697
168 0.957183708169
169 0.958729422676
170 0.959424994204
171 0.959734137105
172 0.958111136873
173 0.958574851225
174 0.958342994049
175 0.956874565268
176 0.960275137182
177 0.959270422753
178 0.959502279929
179 0.958806708401
180 0.958961279852
181 0.959193137028
182 0.959424994204
183 0.96097070871
184 0.95865213695
185 0.95733827962
186 0.961202565886
187 0.959502279929
188 0.957570136796
189 0.960661565809
190 0.960738851534
191 0.955174279311
192 0.933456990494
193 0.960275137182
194 0.960429708633
195 0.960197851457
196 0.958729422676
197 0.960275137182
198 0.955715279388
199 0.960506994358
200 0.960893422985
