1 0.0620604374418
2 0.106422443777
3 0.11299173043
4 0.17180616741
5 0.194064456297
6 0.25519746504
7 0.319962902863
8 0.312388901777
9 0.297318185338
10 0.407218486757
11 0.414096916309
12 0.43929206277
13 0.470901924424
14 0.472911353287
15 0.463250637619
16 0.554215936335
17 0.571373367353
18 0.627173661016
19 0.601437514505
20 0.621068088742
21 0.645335806467
22 0.630033232853
23 0.612257516028
24 0.587216941045
25 0.570523224351
26 0.641471520256
27 0.65298709333
28 0.741942963181
29 0.769688538527
30 0.743179534786
31 0.752762964703
32 0.774943967849
33 0.806631115233
34 0.79867068557
35 0.78220882603
36 0.807326686761
37 0.736301105204
38 0.811190973027
39 0.833449261921
40 0.769224824175
41 0.847051549579
42 0.833062833341
43 0.860885694412
44 0.869000695572
45 0.84140969163
46 0.858180694049
47 0.882139268877
48 0.847978978283
49 0.879511554216
50 0.877733982533
51 0.859108122753
52 0.882834840428
53 0.901847128835
54 0.823015689025
55 0.850683978692
56 0.862276837468
57 0.885462555089
58 0.899914985725
59 0.910734987248
60 0.893191127622
61 0.897673699668
62 0.880207125744
63 0.913594559085
64 0.878352268336
65 0.914290130613
66 0.843032691862
67 0.903160986166
68 0.915603987943
69 0.922791560399
70 0.908725558389
71 0.880748125821
72 0.925341989358
73 0.926887703841
74 0.916763273823
75 0.928201561195
76 0.932374990339
77 0.928201561172
78 0.879975268591
79 0.844269263467
80 0.914908416439
81 0.933379704769
82 0.905093129299
83 0.924646417807
84 0.925805703687
85 0.93848056264
86 0.88175284025
87 0.938094134013
88 0.927196846742
89 0.937707705387
90 0.94211299173
91 0.940721848675
92 0.920782131563
93 0.945204420743
94 0.893732127676
95 0.937089419584
96 0.946518278074
97 0.937475848211
98 0.898987556998
99 0.926269418038
100 0.941803848829
101 0.942731277533
102 0.936316562331
103 0.923564417652
104 0.879511554216
105 0.924028132004
106 0.945436277919
107 0.946209135173
108 0.945358992194
109 0.939485277069
110 0.945358992194
111 0.945127135018
112 0.946518278074
113 0.94195842028
114 0.941649277378
115 0.950459850066
116 0.944586134941
117 0.95022799289
118 0.939407991344
119 0.948682278383
120 0.949300564186
121 0.919004559858
122 0.953319421903
123 0.93616199088
124 0.902929129013
125 0.953473993353
126 0.947986706855
127 0.951000850143
128 0.937012133859
129 0.95192827887
130 0.949609707087
131 0.952237421748
132 0.952391993199
133 0.953551279079
134 0.934384419198
135 0.954555993508
136 0.956101708015
137 0.954401422057
138 0.955406136487
139 0.939098848443
140 0.938789705541
141 0.946363706623
142 0.941185563027
143 0.95386042198
144 0.955947136564
145 0.9117397017
146 0.953628564804
147 0.951232707319
148 0.952082850298
149 0.91637684522
150 0.941030991576
151 0.951309993044
152 0.957956565422
153 0.949300564186
154 0.955637993663
155 0.957029136718
156 0.956256279465
157 0.951078135868
158 0.930056418579
159 0.928510704073
160 0.950691707242
161 0.95749285107
162 0.932143133163
163 0.957570136796
164 0.955947136564
165 0.950073421439
166 0.945668135095
167 0.954401422057
168 0.93384341912
169 0.958806708401
170 0.959965994281
171 0.95386042198
172 0.953473993353
173 0.958188422598
174 0.958033851148
175 0.959193137028
176 0.958806708401
177 0.958729422676
178 0.952237421748
179 0.95981142283
180 0.939948991421
181 0.951850993122
182 0.957570136796
183 0.959270422753
184 0.960506994358
185 0.959965994281
186 0.958574851225
187 0.957724708246
188 0.960043280006
189 0.95865213695
190 0.955328850761
191 0.95865213695
192 0.961666280238
193 0.956101708015
194 0.946286420898
195 0.958806708401
196 0.96097070871
197 0.957029136718
198 0.954324136332
199 0.956333565191
200 0.911585130226
