1 0.107968158283
2 0.125898446564
3 0.18540845507
4 0.256047608018
5 0.270809181558
6 0.295849756557
7 0.35767833682
8 0.361619908821
9 0.426771775272
10 0.452662493251
11 0.469047067021
12 0.503361929042
13 0.508926501266
14 0.552361078923
15 0.605379086529
16 0.634824947851
17 0.673081381869
18 0.64641780665
19 0.648040806909
20 0.703918386297
21 0.733673390525
22 0.742252106059
23 0.70144524311
24 0.779581111369
25 0.654146379182
26 0.790942112992
27 0.811345544524
28 0.822397403223
29 0.822706546124
30 0.800370971505
31 0.794806399304
32 0.821392688793
33 0.845737692271
34 0.838936548443
35 0.863667980547
36 0.868536981243
37 0.868923409846
38 0.845119406492
39 0.871087410201
40 0.871551124507
41 0.883221269055
42 0.875879125126
43 0.885385269364
44 0.90099698588
45 0.881752840273
46 0.869696267118
47 0.895896128008
48 0.849601978515
49 0.905943272301
50 0.90292912899
51 0.911585130226
52 0.899528557099
53 0.913671844833
54 0.907179843883
55 0.915449416516
56 0.910966844447
57 0.920782131563
58 0.90517041507
59 0.920859417289
60 0.916685988121
61 0.927505989667
62 0.906097843751
63 0.91405827346
64 0.908880129863
65 0.932065847461
66 0.929206275624
67 0.932143133186
68 0.932761418989
69 0.928665275547
70 0.932143133209
71 0.929979132877
72 0.926810418139
73 0.934848133573
74 0.93307056189
75 0.937166705333
76 0.933379704792
77 0.934307133495
78 0.94018084862
79 0.933147847616
80 0.944199706337
81 0.93137027591
82 0.93902156274
83 0.944895277865
84 0.941030991599
85 0.935311847925
86 0.94597727802
87 0.943272277633
88 0.936702990981
89 0.937553133959
90 0.945281706492
91 0.944354277788
92 0.94613184947
93 0.948218564054
94 0.932761418989
95 0.950382564363
96 0.950923564441
97 0.950846278715
98 0.943890563436
99 0.952005564595
100 0.948914135582
101 0.948527706956
102 0.945436277943
103 0.951619135969
104 0.941649277402
105 0.952237421771
106 0.953473993376
107 0.947059278174
108 0.9532421362
109 0.951464564518
110 0.9532421362
111 0.954710564982
112 0.953396707651
113 0.955328850784
114 0.948218564054
115 0.93654841953
116 0.947445706801
117 0.953705850552
118 0.954633279256
119 0.954324136355
120 0.953319421926
121 0.950537135814
122 0.955637993686
123 0.935234562222
124 0.955792565136
125 0.957570136819
126 0.956874565291
127 0.954478707806
128 0.955869850862
129 0.958111136896
130 0.95787927972
131 0.959502279952
132 0.958033851171
133 0.950537135814
134 0.957647422544
135 0.957570136819
136 0.957956565445
137 0.958265708347
138 0.949686992835
139 0.926269418062
140 0.957183708192
141 0.958574851248
142 0.957570136819
143 0.949996135737
144 0.957183708192
145 0.960893423008
146 0.957260993917
147 0.956101708038
148 0.955637993686
149 0.958111136896
150 0.955174279334
151 0.960506994381
152 0.961434423085
153 0.960661565832
154 0.961743565986
155 0.960738851557
156 0.961743565986
157 0.950614421539
158 0.953860422003
159 0.961666280261
160 0.95656542239
161 0.96267099469
162 0.959193137051
163 0.962593708965
164 0.962207280338
165 0.960043280029
166 0.962129994613
167 0.961125280184
168 0.96151170881
169 0.961588994536
170 0.962825566141
171 0.958729422699
172 0.960970708733
173 0.962825566141
174 0.914135559185
175 0.962825566141
176 0.962284566064
177 0.959888708579
178 0.957570136819
179 0.958188422621
180 0.962980137592
181 0.96383028057
182 0.962129994613
183 0.964062137746
184 0.960275137205
185 0.962284566064
186 0.962902851866
187 0.961588994536
188 0.961898137437
189 0.964216709197
190 0.962439137514
191 0.962980137592
192 0.955251565059
193 0.961898137437
194 0.963521137669
195 0.948914135582
196 0.963134709042
197 0.964293994922
198 0.962284566064
199 0.964139423472
200 0.964525852098
