1 0.0523224360461
2 0.0818455831254
3 0.10603601515
4 0.135713733676
5 0.187804312548
6 0.23263003324
7 0.266249323752
8 0.296545328083
9 0.385037483584
10 0.361929051711
11 0.415256202184
12 0.445088492165
13 0.465028209297
14 0.519128217032
15 0.53698121958
16 0.562794651839
17 0.588685369824
18 0.613571373379
19 0.615271659315
20 0.627405518215
21 0.635597805099
22 0.661720380257
23 0.713965530557
24 0.669217095593
25 0.70515495787
26 0.736996676705
27 0.756318108064
28 0.625782517983
29 0.702836386138
30 0.689388669924
31 0.783909111978
32 0.759254965622
33 0.722157817442
34 0.652600664676
35 0.818301259748
36 0.815982688016
37 0.827730118266
38 0.841564263127
39 0.845351263645
40 0.748821392735
41 0.827034546742
42 0.850993121593
43 0.864981837878
44 0.862044980338
45 0.856789551016
46 0.819692402859
47 0.861503980238
48 0.839554834245
49 0.797202256762
50 0.890949841564
51 0.898446556944
52 0.890022412883
53 0.874797124994
54 0.853311693353
55 0.853620836278
56 0.858721694126
57 0.90694798673
58 0.913749130559
59 0.895664270855
60 0.913826416284
61 0.826416260935
62 0.846742406701
63 0.916840559572
64 0.918154416902
65 0.923564417675
66 0.853929979179
67 0.916299559471
68 0.897441842492
69 0.922714274697
70 0.889249555626
71 0.927428703918
72 0.893963984875
73 0.850374835791
74 0.876883839578
75 0.9003787001
76 0.907179843883
77 0.924028132027
78 0.931061133009
79 0.923796274828
80 0.91946827421
81 0.921245845915
82 0.872710410406
83 0.92827884692
84 0.932838704691
85 0.928356132645
86 0.92480098928
87 0.937784991112
88 0.938712419816
89 0.93600741943
90 0.930983847306
91 0.926037560886
92 0.941803848829
93 0.940489991499
94 0.9407991344
95 0.936934848134
96 0.934384419221
97 0.923873560576
98 0.937939562586
99 0.944199706337
100 0.924337274928
101 0.940489991522
102 0.944740706415
103 0.920936702991
104 0.925187417884
105 0.933302419066
106 0.944354277765
107 0.937553133936
108 0.900687842978
109 0.9407991344
110 0.933611561945
111 0.937784991112
112 0.940489991499
113 0.946595563799
114 0.923023417598
115 0.947677563954
116 0.94790942113
117 0.947522992526
118 0.878274982657
119 0.944895277842
120 0.950537135791
121 0.951773707396
122 0.938789705564
123 0.945436277919
124 0.951309993044
125 0.950305278638
126 0.949377849911
127 0.932684133264
128 0.948836849834
129 0.944122420612
130 0.931988561736
131 0.936780276683
132 0.949764278538
133 0.94597727802
134 0.94906870701
135 0.948991421308
136 0.947136563877
137 0.9527011361
138 0.952778421825
139 0.947600278252
140 0.950459850066
141 0.898910271296
142 0.954169564881
143 0.954401422057
144 0.947832135428
145 0.920936702991
146 0.955096993585
147 0.949918849988
148 0.955251565036
149 0.942422134632
150 0.943890563413
151 0.955637993663
152 0.954710564959
153 0.949145992735
154 0.955637993663
155 0.953551279079
156 0.953473993376
157 0.955560707937
158 0.880284411515
159 0.949532421362
160 0.953010279001
161 0.957415565345
162 0.955096993585
163 0.957260993894
164 0.953087564727
165 0.944663420666
166 0.95501970786
167 0.957570136796
168 0.956951850993
169 0.956874565268
170 0.94311770616
171 0.952005564595
172 0.956874565268
173 0.956256279465
174 0.958574851225
175 0.930365561504
176 0.95865213695
177 0.958188422621
178 0.955560707937
179 0.955637993663
180 0.959270422753
181 0.956951850993
182 0.959965994281
183 0.953164850452
184 0.957415565345
185 0.95865213695
186 0.956333565191
187 0.95254656465
188 0.956719993817
189 0.959579565654
190 0.95865213695
191 0.950691707242
192 0.950846278692
193 0.948450421207
194 0.957647422521
195 0.95038256434
196 0.959193137028
197 0.958883994126
198 0.948836849857
199 0.959502279929
200 0.95386042198
