1 0.119329159906
2 0.135250019321
3 0.209057887011
4 0.288275755475
5 0.293067470445
6 0.311229615899
7 0.31254347323
8 0.437746348261
9 0.480949068721
10 0.505912358001
11 0.567663652537
12 0.590385655783
13 0.578560939785
14 0.603369657615
15 0.618208516901
16 0.687842955425
17 0.698199242618
18 0.720843960139
19 0.72293067475
20 0.740397248647
21 0.760259680056
22 0.744416106368
23 0.788700827003
24 0.773011824762
25 0.804776257871
26 0.825179689357
27 0.816600973819
28 0.835458690798
29 0.839322977092
30 0.772934539009
31 0.84481026359
32 0.830898833004
33 0.85423912208
34 0.862895123317
35 0.864208980624
36 0.849292835659
37 0.869000695595
38 0.873792410565
39 0.870932838751
40 0.891413555939
41 0.886621840969
42 0.894427699227
43 0.897209985316
44 0.859494551379
45 0.882371126076
46 0.888012984025
47 0.904783986421
48 0.910193987171
49 0.892804698995
50 0.895973413734
51 0.903006414738
52 0.890486127235
53 0.914985702141
54 0.87039183865
55 0.894273127776
56 0.920241131486
57 0.921013988716
58 0.919854702859
59 0.90022412865
60 0.912667130381
61 0.919700131409
62 0.909111987039
63 0.794651827826
64 0.921091274465
65 0.8998377
66 0.926037560863
67 0.918927274156
68 0.935389133627
69 0.927042275292
70 0.919854702836
71 0.929515418525
72 0.920318417211
73 0.933766133395
74 0.914212844911
75 0.936702990958
76 0.931833990285
77 0.931061133032
78 0.919622845683
79 0.86598655233
80 0.930829275856
81 0.934152562045
82 0.940644562949
83 0.940412705773
84 0.942035706005
85 0.938635134091
86 0.936857562431
87 0.940335420048
88 0.932452276065
89 0.944199706314
90 0.942731277533
91 0.945513563645
92 0.922250560345
93 0.946518278074
94 0.946363706623
95 0.939330705619
96 0.92580570371
97 0.945204420743
98 0.944972563568
99 0.947368421053
100 0.942267563181
101 0.947832135405
102 0.948295849757
103 0.950537135791
104 0.948527706933
105 0.946440992372
106 0.950073421439
107 0.948373135505
108 0.948295849757
109 0.941571991653
110 0.948527706933
111 0.938094134013
112 0.95138727877
113 0.950846278692
114 0.946286420898
115 0.943813277711
116 0.95154185022
117 0.949996135714
118 0.951850993122
119 0.951309993044
120 0.949068707033
121 0.934538990694
122 0.952855707551
123 0.948914135582
124 0.950923564418
125 0.942035706005
126 0.953242136177
127 0.948836849834
128 0.952932993276
129 0.954633279233
130 0.950923564418
131 0.950923564418
132 0.949918849988
133 0.955637993663
134 0.954633279233
135 0.95386042198
136 0.954324136332
137 0.954014993431
138 0.888553984125
139 0.956101708015
140 0.953242136177
141 0.94790942113
142 0.907875415434
143 0.95138727877
144 0.955251565036
145 0.955406136487
146 0.956488136641
147 0.955483422212
148 0.956797279542
149 0.954865136409
150 0.952932993276
151 0.955637993663
152 0.955560707937
153 0.954092279156
154 0.957415565345
155 0.95617899374
156 0.955792565113
157 0.949609707087
158 0.955560707937
159 0.956719993817
160 0.957570136796
161 0.95733827962
162 0.95749285107
163 0.951850993122
164 0.954633279233
165 0.957106422444
166 0.951696421671
167 0.95617899374
168 0.957801993972
169 0.95733827962
170 0.942267563204
171 0.958033851148
172 0.95865213695
173 0.944122420612
174 0.955792565113
175 0.956333565191
176 0.957724708246
177 0.949686992812
178 0.958188422598
179 0.956797279542
180 0.958420279774
181 0.952391993222
182 0.95865213695
183 0.953551279079
184 0.959502279929
185 0.959965994281
186 0.956024422289
187 0.957029136718
188 0.959502279929
189 0.959270422753
190 0.958806708401
191 0.956719993817
192 0.959270422753
193 0.95965685138
194 0.960043280006
195 0.960120565732
196 0.957106422467
197 0.95965685138
198 0.959270422753
199 0.958574851225
200 0.959424994204
