1 0.075121725022
2 0.127444161068
3 0.154185022036
4 0.177834453986
5 0.222505603224
6 0.264162609175
7 0.308292758334
8 0.349949764288
9 0.38418734061
10 0.417652059678
11 0.453048921876
12 0.4873637839
13 0.534044361997
14 0.563567509072
15 0.592549656069
16 0.616430945223
17 0.642862663285
18 0.660020094307
19 0.676636525252
20 0.692170956043
21 0.706391529503
22 0.716052245169
23 0.735141819324
24 0.743643249138
25 0.759409537077
26 0.763505680519
27 0.772393538932
28 0.788314398377
29 0.796429399536
30 0.802534971837
31 0.812427544679
32 0.81520983079
33 0.820851688739
34 0.83058969013
35 0.833062833341
36 0.839091119916
37 0.845583120844
38 0.849756550011
39 0.855166550784
40 0.857485122544
41 0.864054409174
42 0.864749980725
43 0.866913981034
44 0.872478553234
45 0.875338125071
46 0.875260839346
47 0.881211840196
48 0.883143983329
49 0.886235412342
50 0.88577169799
51 0.891258984489
52 0.891413555939
53 0.897905556867
54 0.898214699768
55 0.901074271605
56 0.903547414792
57 0.904165700618
58 0.904165700595
59 0.906870700982
60 0.90578870085
61 0.907566272509
62 0.911662415952
63 0.912280701754
64 0.915294845042
65 0.916299559471
66 0.918077131154
67 0.915526702218
68 0.917536131077
69 0.920704845815
70 0.920086560012
71 0.921400417366
72 0.923100703323
73 0.924955560708
74 0.926037560863
75 0.927660561117
76 0.925651132259
77 0.929669989976
78 0.928587989798
79 0.928356132622
80 0.933379704769
81 0.932143133163
82 0.931602133086
83 0.935466419375
84 0.935620990803
85 0.934925419298
86 0.936625705255
87 0.937784991135
88 0.93963984852
89 0.939407991344
90 0.941262848752
91 0.940489991522
92 0.940103562872
93 0.94249942038
94 0.941803848852
95 0.940644562949
96 0.943040420457
97 0.944740706415
98 0.944354277788
99 0.944508849239
100 0.945436277919
101 0.946131849447
102 0.945822706546
103 0.946904706724
104 0.948527706933
105 0.945668135095
106 0.948604992658
107 0.945513563645
108 0.949068707033
109 0.948373135505
110 0.947677563954
111 0.949145992735
112 0.951000850166
113 0.951309993044
114 0.949455135636
115 0.952391993222
116 0.952932993299
117 0.9532421362
118 0.953551279102
119 0.952469278947
120 0.95254656465
121 0.953860422003
122 0.954169564881
123 0.954246850607
124 0.95386042198
125 0.954787850684
126 0.954478707783
127 0.954324136355
128 0.95671999384
129 0.955637993686
130 0.95501970786
131 0.956797279566
132 0.954942422135
133 0.956719993817
134 0.956410850916
135 0.956719993817
136 0.956410850939
137 0.957956565422
138 0.957415565345
139 0.956642708092
140 0.958111136873
141 0.958033851148
142 0.957260993917
143 0.959115851302
144 0.958806708424
145 0.959038565577
146 0.959193137028
147 0.959888708556
148 0.960275137205
149 0.960043280029
150 0.960120565732
151 0.960197851457
152 0.959888708579
153 0.959811422853
154 0.96097070871
155 0.96097070871
156 0.960816137259
157 0.960661565809
158 0.960893422985
159 0.961434423062
160 0.957570136819
161 0.960893422985
162 0.958729422699
163 0.962593708942
164 0.961743565963
165 0.962516423217
166 0.962670994667
167 0.962516423217
168 0.963057423294
169 0.963366566195
170 0.962748280393
171 0.962361851766
172 0.962361851766
173 0.963366566195
174 0.964062137723
175 0.962052708888
176 0.964912280702
177 0.96444856635
178 0.963984851998
179 0.964680423526
180 0.965144137878
181 0.964912280702
182 0.964757709274
183 0.964989566427
184 0.964912280725
185 0.965839709406
186 0.965144137878
187 0.965144137878
188 0.96560785223
189 0.965916995131
190 0.965685137955
191 0.966689852384
192 0.96576242368
193 0.966226138032
194 0.96676713811
195 0.965298709351
196 0.966226138032
197 0.965916995131
198 0.966998995286
199 0.966689852384
200 0.966226138032
