1 0.0990030141433
2 0.149238735606
3 0.200556457225
4 0.245150320743
5 0.30597418657
6 0.350877192987
7 0.37723162533
8 0.406600200952
9 0.420743488687
10 0.459077208453
11 0.562871937544
12 0.534198933448
13 0.624700517833
14 0.632429090365
15 0.658706236976
16 0.659015379882
17 0.704768529271
18 0.710101244291
19 0.676095525166
20 0.753613107705
21 0.765051395053
22 0.676095525147
23 0.770925110146
24 0.794342684952
25 0.799057114174
26 0.785068397885
27 0.772007110278
28 0.838936548438
29 0.83236726179
30 0.851302264495
31 0.85176597887
32 0.825488832203
33 0.865831980833
34 0.873405981934
35 0.870469124376
36 0.861735837414
37 0.880593554394
38 0.871473838805
39 0.88886312698
40 0.883839554857
41 0.892959270446
42 0.85192055032
43 0.893577556271
44 0.872014838905
45 0.905015843597
46 0.888940412729
47 0.887394698199
48 0.903470129113
49 0.910966844447
50 0.909575701391
51 0.907875415434
52 0.909962130018
53 0.910734987271
54 0.90942112994
55 0.8879356983
56 0.90331555764
57 0.923718989103
58 0.924182703478
59 0.915758559417
60 0.923255274751
61 0.923255274774
62 0.925960275137
63 0.92905170415
64 0.928665275547
65 0.919004559881
66 0.927428703964
67 0.93368884767
68 0.928974418425
69 0.929979132854
70 0.927815132545
71 0.937012133859
72 0.91483113069
73 0.939330705642
74 0.938557848365
75 0.922018703146
76 0.938557848388
77 0.938557848365
78 0.905943272324
79 0.931602133109
80 0.937166705333
81 0.94195842028
82 0.941185563027
83 0.942653991808
84 0.94559084937
85 0.906020558021
86 0.946827420998
87 0.945281706492
88 0.940644562949
89 0.944972563568
90 0.906020558026
91 0.948914135582
92 0.948295849757
93 0.947986706878
94 0.948759564132
95 0.94675013525
96 0.946131849447
97 0.949532421362
98 0.951155421594
99 0.949686992812
100 0.944122420612
101 0.950537135814
102 0.952469278947
103 0.946286420921
104 0.950150707187
105 0.951000850166
106 0.949996135714
107 0.951696421694
108 0.945668135118
109 0.949764278538
110 0.952160136023
111 0.936780276729
112 0.939021562763
113 0.947832135423
114 0.950305278615
115 0.945436277919
116 0.952082850298
117 0.951309993067
118 0.952855707574
119 0.948141278306
120 0.948759564132
121 0.955251565059
122 0.935466419375
123 0.957415565345
124 0.951541850243
125 0.954555993508
126 0.95787927972
127 0.956488136664
128 0.958342994049
129 0.955947136564
130 0.958420279774
131 0.954865136409
132 0.956333565214
133 0.957724708246
134 0.957724708269
135 0.957260993894
136 0.957570136842
137 0.955947136587
138 0.957724708246
139 0.953860422003
140 0.959347708478
141 0.955637993663
142 0.957647422521
143 0.95749285107
144 0.960120565732
145 0.958806708401
146 0.958883994149
147 0.960043280029
148 0.959502279929
149 0.949145992781
150 0.954169564881
151 0.955637993663
152 0.959965994281
153 0.956565422366
154 0.941958420303
155 0.959579565677
156 0.95965685138
157 0.958729422676
158 0.95308756475
159 0.960970708733
160 0.953396707651
161 0.957029136718
162 0.961357137337
163 0.9584975655
164 0.95138727877
165 0.961511708787
166 0.961820851689
167 0.960893422985
168 0.961434423062
169 0.960816137282
170 0.961047994435
171 0.961202565909
172 0.959502279929
173 0.958806708424
174 0.961047994435
175 0.954092279179
176 0.957260993894
177 0.961047994435
178 0.961743565963
179 0.959734137105
180 0.960275137182
181 0.961047994435
182 0.962825566118
183 0.960506994358
184 0.961743565963
185 0.951696421694
186 0.94922327846
187 0.960661565809
188 0.961666280238
189 0.961279851611
190 0.962980137569
191 0.963057423294
192 0.962980137569
193 0.963134709019
194 0.962593708942
195 0.960120565732
196 0.962516423217
197 0.961898137414
198 0.962980137569
199 0.963907566273
200 0.953937707705
