1 0.076203725172
2 0.10487672927
3 0.129762732826
4 0.173970167712
5 0.189504598505
6 0.241672463098
7 0.282092897446
8 0.330551047235
9 0.367416338216
10 0.400340057205
11 0.430404204334
12 0.464487209226
13 0.512868073258
14 0.542700363234
15 0.576937939553
16 0.604915372149
17 0.621763660243
18 0.645026663594
19 0.653064379
20 0.681891954579
21 0.695107813605
22 0.708169101213
23 0.723935389157
24 0.733827961998
25 0.746502820952
26 0.759409537059
27 0.773243681915
28 0.776025968004
29 0.793415256225
30 0.798361542646
31 0.807249401036
32 0.814050544864
33 0.819074117011
34 0.826416260917
35 0.832135404614
36 0.839554834222
37 0.845737692271
38 0.852616121802
39 0.857407836796
40 0.856403122343
41 0.863667980524
42 0.868846124121
43 0.870932838705
44 0.874565267795
45 0.87927969704
46 0.879820697117
47 0.887471983925
48 0.888399412652
49 0.893422984775
50 0.894736842105
51 0.897209985316
52 0.901074271582
53 0.901460700209
54 0.904783986398
55 0.908107272587
56 0.910734987248
57 0.911739701677
58 0.913362701909
59 0.914367416338
60 0.909884844269
61 0.917226988175
62 0.918386274055
63 0.919545559958
64 0.923023417575
65 0.924800989257
66 0.924028132004
67 0.925573846511
68 0.926655846665
69 0.927815132545
70 0.928819846974
71 0.930906561558
72 0.930829275833
73 0.93137027591
74 0.932684133241
75 0.933611561945
76 0.933920704846
77 0.935234562176
78 0.935002705
79 0.934152562022
80 0.93732127676
81 0.939176134168
82 0.939021562717
83 0.939485277069
84 0.937784991112
85 0.93963984852
86 0.942267563181
87 0.942499420357
88 0.942576706082
89 0.944354277765
90 0.945049849293
91 0.944045134864
92 0.943813277688
93 0.945822706546
94 0.944972563568
95 0.947136563877
96 0.946518278074
97 0.948141278306
98 0.94790942113
99 0.948914135559
100 0.949145992735
101 0.949300564186
102 0.950614421516
103 0.951155421594
104 0.95154185022
105 0.952082850298
106 0.951464564495
107 0.949841564263
108 0.95254656465
109 0.953164850452
110 0.954014993431
111 0.953551279079
112 0.953705850529
113 0.953473993353
114 0.955328850761
115 0.954478707783
116 0.954169564881
117 0.955792565113
118 0.956101708015
119 0.957183708169
120 0.956333565191
121 0.956256279465
122 0.957570136796
123 0.957260993894
124 0.956951850993
125 0.957647422521
126 0.956797279542
127 0.957570136796
128 0.957801993972
129 0.957956565422
130 0.958806708401
131 0.958265708324
132 0.958574851225
133 0.958420279774
134 0.958574851225
135 0.959424994204
136 0.959579565654
137 0.958961279852
138 0.95981142283
139 0.959347708478
140 0.960506994358
141 0.960352422907
142 0.960816137259
143 0.960043280006
144 0.960816137259
145 0.960738851534
146 0.962361851766
147 0.962207280315
148 0.962052708865
149 0.960506994358
150 0.961666280238
151 0.962207280315
152 0.962052708865
153 0.962593708942
154 0.962748280393
155 0.962825566118
156 0.96328928047
157 0.963521137646
158 0.963984851998
159 0.963752994822
160 0.963752994822
161 0.963830280547
162 0.964293994899
163 0.964834994976
164 0.9646031378
165 0.964062137723
166 0.964680423526
167 0.964525852075
168 0.964680423526
169 0.963366566195
170 0.965144137878
171 0.963907566273
172 0.964834994976
173 0.965530566504
174 0.964989566427
175 0.96560785223
176 0.965066852152
177 0.965685137955
178 0.966303423758
179 0.966148852307
180 0.965994280856
181 0.966380709483
182 0.96692170956
183 0.965685137955
184 0.966226138032
185 0.96676713811
186 0.966380709483
187 0.96676713811
188 0.967539995363
189 0.967230852462
190 0.96692170956
191 0.96692170956
192 0.967308138187
193 0.967308138187
194 0.967076281011
195 0.967771852539
196 0.96692170956
197 0.967462709638
198 0.967617281088
199 0.965839709406
200 0.967694566814
