1 0.112837158977
2 0.153644021954
3 0.221423603067
4 0.306360615201
5 0.269031609869
6 0.355050622159
7 0.390524770086
8 0.404668057817
9 0.450730350118
10 0.49068707011
11 0.547028363875
12 0.586289512341
13 0.620990802989
14 0.620913517264
15 0.646263235171
16 0.657005950992
17 0.688461241223
18 0.673622381964
19 0.700826957307
20 0.746657392426
21 0.731663961685
22 0.716670530971
23 0.788391684074
24 0.801684828831
25 0.792333256066
26 0.803075971886
27 0.814900687861
28 0.831903547461
29 0.802380400386
30 0.825797975132
31 0.839322977065
32 0.854857407883
33 0.845583120844
34 0.8653682665
35 0.871551124553
36 0.862431408937
37 0.878893268459
38 0.887549269668
39 0.887085555344
40 0.88963598428
41 0.857485122544
42 0.891336270209
43 0.903083700487
44 0.90269727186
45 0.879897982861
46 0.91212613035
47 0.881984697445
48 0.917690702573
49 0.901383414529
50 0.909266558513
51 0.917381559672
52 0.91761341682
53 0.911507844547
54 0.920859417284
55 0.922636988994
56 0.921477703114
57 0.92286884617
58 0.926655846711
59 0.919468274256
60 0.932297704637
61 0.914599273537
62 0.91637684522
63 0.916144988044
64 0.899296699946
65 0.900610557253
66 0.929128989899
67 0.92766056114
68 0.925419275083
69 0.92000927431
70 0.915603987966
71 0.939794419994
72 0.921477703114
73 0.941571991676
74 0.940876420148
75 0.92170956029
76 0.933766133418
77 0.946440992372
78 0.946981992449
79 0.943194991908
80 0.934152562045
81 0.943890563436
82 0.927737846843
83 0.944354277788
84 0.946827420998
85 0.931215704482
86 0.939407991367
87 0.943735991985
88 0.942035706028
89 0.940876420148
90 0.941108277324
91 0.947522992526
92 0.952546564673
93 0.950923564441
94 0.951309993067
95 0.952160136046
96 0.934693562122
97 0.942267563204
98 0.953473993376
99 0.94597727802
100 0.947986706878
101 0.949223278484
102 0.950537135814
103 0.953783136301
104 0.953396707651
105 0.951464564541
106 0.951464564518
107 0.955251565059
108 0.950382564363
109 0.956333565214
110 0.948141278329
111 0.952469278947
112 0.955947136587
113 0.956256279488
114 0.955096993608
115 0.955792565136
116 0.950382564363
117 0.956024422312
118 0.958574851248
119 0.954710564982
120 0.955251565036
121 0.928897132723
122 0.959424994227
123 0.944431563536
124 0.9532421362
125 0.943194991908
126 0.958961279875
127 0.956488136664
128 0.945049849316
129 0.957338279643
130 0.956642708115
131 0.959424994227
132 0.959270422776
133 0.957415565345
134 0.957647422521
135 0.957647422544
136 0.959270422776
137 0.956256279488
138 0.958342994072
139 0.948218564054
140 0.959270422776
141 0.960429708656
142 0.959193137051
143 0.959656851403
144 0.958961279875
145 0.960120565755
146 0.962748280393
147 0.961588994536
148 0.96135713736
149 0.957724708269
150 0.957570136819
151 0.958883994126
152 0.962516423217
153 0.939794419994
154 0.953860422003
155 0.962825566141
156 0.961047994458
157 0.960738851557
158 0.96151170881
159 0.962052708888
160 0.913826416307
161 0.956101708038
162 0.961666280238
163 0.963211994768
164 0.952623850398
165 0.960970708733
166 0.963366566218
167 0.963057423294
168 0.962439137491
169 0.960275137205
170 0.964139423472
171 0.957956565422
172 0.948450421253
173 0.963366566195
174 0.959811422853
175 0.962361851789
176 0.963289280493
177 0.963134709019
178 0.961898137437
179 0.963521137669
180 0.964371280648
181 0.964834994976
182 0.96383028057
183 0.964062137746
184 0.964525852075
185 0.964371280648
186 0.963752994822
187 0.964293994922
188 0.963521137646
189 0.964371280624
190 0.963211994745
191 0.964525852098
192 0.963289280493
193 0.963366566218
194 0.96576242368
195 0.965221423626
196 0.964989566427
197 0.964525852075
198 0.960970708733
199 0.964216709174
200 0.964216709197
