1 0.104954014993
2 0.129917304276
3 0.110595872942
4 0.188886312703
5 0.222428317494
6 0.243604606236
7 0.197542313939
8 0.276064610876
9 0.332869618991
10 0.377154339603
11 0.445474920796
12 0.480485354346
13 0.410464487221
14 0.540536362948
15 0.520055645729
16 0.601205657306
17 0.582425226079
18 0.567045366735
19 0.662493237517
20 0.652832521824
21 0.654300950605
22 0.712110673177
23 0.704227529194
24 0.737537676782
25 0.676713811005
26 0.752608393248
27 0.76891568132
28 0.703841100567
29 0.734600819247
30 0.720302960034
31 0.765128680723
32 0.749053249856
33 0.78445011211
34 0.819074117029
35 0.806321972378
36 0.795888399459
37 0.807403972532
38 0.801452971659
39 0.811422830222
40 0.825334260785
41 0.832058118912
42 0.849988407187
43 0.797279542487
44 0.845660406569
45 0.856403122389
46 0.869077981343
47 0.823092974774
48 0.832289976087
49 0.880593554394
50 0.872787696159
51 0.833062833313
52 0.880748125844
53 0.878893268459
54 0.899296699923
55 0.887240126772
56 0.843419120535
57 0.834453976374
58 0.843264549084
59 0.873560553389
60 0.90462941497
61 0.898678414143
62 0.904552129245
63 0.895123270755
64 0.904861272146
65 0.915913130868
66 0.88963598428
67 0.891413555939
68 0.903624700564
69 0.917458845374
70 0.906020558026
71 0.91521755934
72 0.850374835791
73 0.918540845529
74 0.908725558412
75 0.911275987348
76 0.920472988662
77 0.921323131641
78 0.927042275315
79 0.924414560654
80 0.919004559881
81 0.936084705178
82 0.920859417289
83 0.930056418603
84 0.907025272455
85 0.903238271914
86 0.939330705642
87 0.930133704328
88 0.937321276783
89 0.936161990903
90 0.927042275315
91 0.927274132514
92 0.936316562354
93 0.938480562663
94 0.932838704714
95 0.936625705255
96 0.936857562431
97 0.912667130404
98 0.943040420457
99 0.935852848002
100 0.924569132104
101 0.937243991058
102 0.941417420226
103 0.930829275856
104 0.944045134887
105 0.936780276706
106 0.912667130404
107 0.934384419221
108 0.920627560136
109 0.933611561968
110 0.948063992604
111 0.946363706646
112 0.949223278484
113 0.944122420612
114 0.946440992372
115 0.944663420689
116 0.949377849934
117 0.951309993067
118 0.946286420921
119 0.932452276088
120 0.950305278638
121 0.943504134832
122 0.909189272764
123 0.948914135582
124 0.938325991189
125 0.863049694744
126 0.94597727802
127 0.948991421308
128 0.940567277247
129 0.950614421539
130 0.939176134168
131 0.950691707265
132 0.937475848234
133 0.948682278406
134 0.938557848388
135 0.950923564441
136 0.94018084862
137 0.950846278715
138 0.940876420148
139 0.951541850243
140 0.955328850784
141 0.945899992294
142 0.955251565059
143 0.956178993763
144 0.9532421362
145 0.955174279334
146 0.954787850707
147 0.954169564904
148 0.953473993376
149 0.949532421385
150 0.924878274983
151 0.955483422235
152 0.938712419839
153 0.95424685063
154 0.924878275006
155 0.943967849161
156 0.952082850321
157 0.954633279256
158 0.955792565136
159 0.952082850321
160 0.94845042123
161 0.957338279643
162 0.955715279411
163 0.933456990517
164 0.957260993917
165 0.956642708115
166 0.958497565523
167 0.958188422621
168 0.897596413965
169 0.959656851403
170 0.941881134577
171 0.893113841896
172 0.958961279875
173 0.941726563127
174 0.956565422366
175 0.958420279797
176 0.959502279952
177 0.956565422366
178 0.958033851171
179 0.952778421849
180 0.954710564982
181 0.957956565445
182 0.959579565677
183 0.960970708733
184 0.960738851557
185 0.958806708424
186 0.943890563413
187 0.954633279256
188 0.960893423008
189 0.95965685138
190 0.955019707883
191 0.943581420535
192 0.958265708324
193 0.959270422753
194 0.952469278947
195 0.961279851634
196 0.959579565677
197 0.960506994381
198 0.955251565036
199 0.953860422003
200 0.960816137282
