1 0.102790014687
2 0.112450730352
3 0.146456449496
4 0.193600741948
5 0.217018316731
6 0.260066465738
7 0.304119329169
8 0.34585362085
9 0.385037483588
10 0.423912203425
11 0.456140350886
12 0.494937784982
13 0.533812504842
14 0.558698508399
15 0.591003941563
16 0.601128371604
17 0.632351804612
18 0.651054950141
19 0.660638380082
20 0.678723239808
21 0.689620527079
22 0.707628101081
23 0.71574310224
24 0.731818533108
25 0.736378390902
26 0.752840250397
27 0.765824252251
28 0.774712110692
29 0.783831826252
30 0.79264239894
31 0.797047685283
32 0.806012829449
33 0.811886544546
34 0.81938325993
35 0.824097689175
36 0.833912976292
37 0.839168405614
38 0.846046835168
39 0.850297550061
40 0.855862122284
41 0.861349408787
42 0.862740551843
43 0.864827266422
44 0.870623695826
45 0.870623695849
46 0.878584125558
47 0.881984697449
48 0.884998840737
49 0.882912126153
50 0.890486127235
51 0.89272741327
52 0.893732127699
53 0.89751912824
54 0.900455985802
55 0.900610557253
56 0.902619986112
57 0.903701986266
58 0.907179843906
59 0.907643558258
60 0.91003941572
61 0.911507844524
62 0.914135559185
63 0.915603987966
64 0.917767988276
65 0.918772702705
66 0.920859417266
67 0.921477703068
68 0.923950846279
69 0.925573846511
70 0.924878274983
71 0.925341989358
72 0.92711956104
73 0.929283561349
74 0.928742561272
75 0.928278846897
76 0.93137027591
77 0.933379704792
78 0.933147847593
79 0.93384341912
80 0.934925419275
81 0.934770847847
82 0.937243991035
83 0.936625705232
84 0.938094134013
85 0.938712419839
86 0.939948991421
87 0.940412705773
88 0.940412705773
89 0.941185563027
90 0.940412705796
91 0.943040420434
92 0.943581420512
93 0.944122420589
94 0.945049849293
95 0.945358992194
96 0.945127135018
97 0.943813277688
98 0.946440992372
99 0.946904706701
100 0.948295849757
101 0.948604992658
102 0.948527706933
103 0.949145992735
104 0.950150707164
105 0.949918849988
106 0.951155421594
107 0.950614421516
108 0.951309993044
109 0.951309993044
110 0.952469278924
111 0.951773707396
112 0.953164850452
113 0.9527011361
114 0.953396707628
115 0.952469278924
116 0.953937707705
117 0.951619135946
118 0.955096993585
119 0.955637993663
120 0.954324136332
121 0.956488136641
122 0.956410850916
123 0.953783136255
124 0.956565422366
125 0.957029136718
126 0.957570136796
127 0.956256279465
128 0.957106422444
129 0.95733827962
130 0.957956565422
131 0.958420279774
132 0.958342994049
133 0.958342994049
134 0.958111136873
135 0.958574851225
136 0.957183708169
137 0.958111136873
138 0.954555993508
139 0.958188422598
140 0.959579565654
141 0.959734137105
142 0.958111136873
143 0.959424994204
144 0.960197851457
145 0.960661565809
146 0.959734137105
147 0.960120565732
148 0.960429708633
149 0.960584280083
150 0.961279851611
151 0.960738851534
152 0.960506994358
153 0.961357137337
154 0.961202565886
155 0.960893422985
156 0.961898137414
157 0.960506994358
158 0.962052708865
159 0.959965994281
160 0.961898137414
161 0.962284566041
162 0.961588994513
163 0.961975423139
164 0.962207280315
165 0.962439137491
166 0.962439137491
167 0.962284566041
168 0.962052708865
169 0.963057423294
170 0.96328928047
171 0.963134709019
172 0.962902851843
173 0.963057423294
174 0.962748280393
175 0.96328928047
176 0.962980137569
177 0.963984851998
178 0.963521137646
179 0.963675709097
180 0.963752994822
181 0.963598423371
182 0.963443851921
183 0.964216709174
184 0.963830280547
185 0.964293994899
186 0.964989566427
187 0.9646031378
188 0.9646031378
189 0.963443851921
190 0.964525852075
191 0.965144137878
192 0.965144137878
193 0.964293994899
194 0.964216709174
195 0.965144137878
196 0.965375995054
197 0.965144137878
198 0.965375995054
199 0.965221423603
200 0.964525852075
