1 0.151402735924
2 0.175593167953
3 0.223046603302
4 0.310997758725
5 0.32815518975
6 0.376613339528
7 0.406522915231
8 0.455908493692
9 0.518278074058
10 0.526856789569
11 0.572764510413
12 0.595718370835
13 0.614730659293
14 0.622536517524
15 0.665507380805
16 0.706391529475
17 0.72640853239
18 0.74874410701
19 0.766983538187
20 0.77602596805
21 0.787077826744
22 0.732591390389
23 0.789319112778
24 0.768297395489
25 0.799598114247
26 0.833681119143
27 0.832599118961
28 0.845351263668
29 0.839477548515
30 0.857794265445
31 0.863126980493
32 0.865909266577
33 0.866836695308
34 0.864749980725
35 0.885076126486
36 0.881057268769
37 0.898214699791
38 0.892727413293
39 0.894350413525
40 0.893886699173
41 0.881057268769
42 0.907566272556
43 0.901692557431
44 0.909034701337
45 0.907875415434
46 0.87788855403
47 0.914753845011
48 0.924337274951
49 0.918386274078
50 0.868691552716
51 0.921245845915
52 0.925882989435
53 0.921013988739
54 0.930056418603
55 0.930829275879
56 0.926269418085
57 0.926810418139
58 0.925882989435
59 0.935543705101
60 0.935930133727
61 0.937398562532
62 0.936084705178
63 0.884921555035
64 0.925882989458
65 0.942963134732
66 0.942344848929
67 0.938712419839
68 0.944586134964
69 0.94481799214
70 0.939871705719
71 0.946054563745
72 0.93538913365
73 0.94249942038
74 0.943040420457
75 0.946672849548
76 0.94018084862
77 0.937089419607
78 0.947832135428
79 0.948682278406
80 0.93059741868
81 0.94845042123
82 0.928201561195
83 0.949764278561
84 0.926501275238
85 0.949068707033
86 0.947832135428
87 0.947677563977
88 0.952237421771
89 0.924182703501
90 0.944122420612
91 0.951541850243
92 0.9471365639
93 0.952855707574
94 0.953396707651
95 0.943581420535
96 0.944431563536
97 0.952469278947
98 0.955019707883
99 0.956101708038
100 0.953783136278
101 0.934770847847
102 0.955792565136
103 0.956488136664
104 0.955637993686
105 0.938635134137
106 0.95787927972
107 0.956951851016
108 0.957106422467
109 0.957106422467
110 0.959579565677
111 0.957956565445
112 0.954787850707
113 0.952778421849
114 0.950537135814
115 0.958188422621
116 0.957956565468
117 0.95787927972
118 0.957647422544
119 0.959424994227
120 0.960816137282
121 0.941958420326
122 0.958883994149
123 0.959115851325
124 0.960352422931
125 0.956024422312
126 0.959888708579
127 0.941185563073
128 0.961047994458
129 0.956874565291
130 0.953164850452
131 0.960738851557
132 0.952391993222
133 0.962439137514
134 0.962439137514
135 0.960816137282
136 0.935234562222
137 0.96367570912
138 0.963366566218
139 0.955251565059
140 0.963907566296
141 0.961898137414
142 0.963752994845
143 0.962748280416
144 0.95787927972
145 0.961743565986
146 0.964139423472
147 0.958111136896
148 0.962902851866
149 0.958883994149
150 0.962129994613
151 0.960893423031
152 0.962593708965
153 0.96267099469
154 0.964371280648
155 0.960738851557
156 0.962129994613
157 0.96498956645
158 0.963289280493
159 0.962748280416
160 0.964448566373
161 0.958342994072
162 0.964603137823
163 0.961434423085
164 0.964293994922
165 0.965221423626
166 0.963211994768
167 0.963907566296
168 0.964371280648
169 0.963366566218
170 0.963984852021
171 0.964912280725
172 0.965453280802
173 0.965375995077
174 0.96498956645
175 0.965839709429
176 0.965762423703
177 0.959965994327
178 0.964525852098
179 0.965144137901
180 0.965994280879
181 0.965994280879
182 0.96614885233
183 0.965066852175
184 0.965298709351
185 0.964834994999
186 0.96498956645
187 0.966303423781
188 0.965762423703
189 0.965994280879
190 0.965066852175
191 0.965298709351
192 0.965994280879
193 0.966303423781
194 0.967153566759
195 0.966303423781
196 0.967694566837
197 0.966612566682
198 0.967462709661
199 0.966226138055
200 0.966998995309
