1 0.0682432954656
2 0.161836308834
3 0.240667748676
4 0.252415178926
5 0.302264471764
6 0.367339052489
7 0.382332483181
8 0.451348635921
9 0.480408068621
10 0.556998222447
11 0.556766365271
12 0.50042507148
13 0.63235180464
14 0.668753381269
15 0.690393384388
16 0.7050776722
17 0.674781667817
18 0.74642553525
19 0.768992967022
20 0.761496251661
21 0.777648968254
22 0.748821392707
23 0.793028827622
24 0.791714970268
25 0.802612257562
26 0.807944972587
27 0.851147693044
28 0.831053404459
29 0.826648118139
30 0.859880980006
31 0.858103408324
32 0.874642553543
33 0.851843264572
34 0.824947832181
35 0.884380554935
36 0.857021408192
37 0.882757554703
38 0.843573691985
39 0.893422984798
40 0.887085555321
41 0.846896978128
42 0.896668985238
43 0.875492696522
44 0.899528557076
45 0.901537985934
46 0.896900842414
47 0.878274982611
48 0.909421129917
49 0.905943272278
50 0.897828271118
51 0.904242986343
52 0.917536131077
53 0.917767988253
54 0.924105417729
55 0.925573846511
56 0.92062756009
57 0.919700131386
58 0.918077131177
59 0.930597418657
60 0.931215704459
61 0.927969703996
62 0.925960275137
63 0.882834840428
64 0.930520132931
65 0.932452276065
66 0.922868846124
67 0.913517273383
68 0.923177989025
69 0.931911275987
70 0.937243991035
71 0.934925419275
72 0.938016848288
73 0.909111987016
74 0.923177989048
75 0.900533271505
76 0.932993276165
77 0.941417420202
78 0.94195842028
79 0.929206275601
80 0.939253419893
81 0.942731277533
82 0.936780276683
83 0.933147847616
84 0.94559084937
85 0.938325991189
86 0.938866991267
87 0.93616199088
88 0.946054563722
89 0.943967849138
90 0.947059278151
91 0.940103562872
92 0.946440992349
93 0.944895277842
94 0.947677563954
95 0.925110132182
96 0.928356132668
97 0.946981992426
98 0.945358992194
99 0.948527706933
100 0.945049849293
101 0.941803848829
102 0.939794419971
103 0.950614421516
104 0.948527706933
105 0.951619135946
106 0.95254656465
107 0.947522992503
108 0.951696421671
109 0.953473993353
110 0.951619135946
111 0.943426849061
112 0.950459850066
113 0.953010279001
114 0.9471365639
115 0.932684133241
116 0.94906870701
117 0.944663420666
118 0.952932993276
119 0.938635134091
120 0.943581420512
121 0.950150707164
122 0.944740706392
123 0.95617899374
124 0.952469278924
125 0.95733827962
126 0.953551279079
127 0.943349563336
128 0.892186413169
129 0.957724708246
130 0.956488136641
131 0.955328850761
132 0.956024422289
133 0.952778421825
134 0.954478707783
135 0.956256279465
136 0.9584975655
137 0.959424994204
138 0.957183708169
139 0.958806708401
140 0.957415565345
141 0.954633279233
142 0.959502279929
143 0.957260993894
144 0.960275137182
145 0.956642708092
146 0.960506994358
147 0.95749285107
148 0.958111136873
149 0.959193137028
150 0.9584975655
151 0.958033851148
152 0.960893422985
153 0.956565422366
154 0.945822706546
155 0.955560707937
156 0.958961279852
157 0.961202565886
158 0.960584280083
159 0.960352422907
160 0.961434423062
161 0.960197851457
162 0.943194991885
163 0.956024422289
164 0.956024422289
165 0.961434423062
166 0.961511708787
167 0.961666280238
168 0.960584280083
169 0.961511708787
170 0.961357137337
171 0.9584975655
172 0.961434423062
173 0.959734137105
174 0.961202565886
175 0.960043280006
176 0.948836849857
177 0.959965994281
178 0.960893422985
179 0.957260993894
180 0.963057423294
181 0.960816137259
182 0.962052708865
183 0.962516423217
184 0.962361851766
185 0.961666280238
186 0.961666280238
187 0.959579565654
188 0.961279851611
189 0.962980137569
190 0.962052708865
191 0.963134709019
192 0.963057423294
193 0.963211994745
194 0.963366566195
195 0.962284566041
196 0.946363706623
197 0.960506994358
198 0.962980137569
199 0.94845042123
200 0.963598423371
