1 0.0837004405309
2 0.140582734376
3 0.160290594334
4 0.224205889186
5 0.263003323277
6 0.291058041591
7 0.265476466508
8 0.34701290673
9 0.387124198151
10 0.394389056353
11 0.44756163538
12 0.429399489923
13 0.490300641462
14 0.560244222883
15 0.528016075422
16 0.596027513737
17 0.583352654811
18 0.581265940172
19 0.664116237722
20 0.631578947359
21 0.628873947028
22 0.67385423914
23 0.729499961348
24 0.670299095748
25 0.747198392503
26 0.716284102345
27 0.721848674596
28 0.703454671941
29 0.782827111851
30 0.713115387579
31 0.776876111028
32 0.812891259003
33 0.794110827749
34 0.787386969645
35 0.791946827467
36 0.825720689379
37 0.809567972841
38 0.794110827753
39 0.807635829681
40 0.791251255911
41 0.86134940881
42 0.854934693585
43 0.83754540541
44 0.879434268514
45 0.663884380569
46 0.868614266968
47 0.869696267122
48 0.845583120844
49 0.863358837646
50 0.884148697736
51 0.86598655233
52 0.889867841433
53 0.885462555066
54 0.873096839014
55 0.906638843829
56 0.881134554448
57 0.899760414251
58 0.903701986243
59 0.879047839887
60 0.853775407705
61 0.906638843829
62 0.86730040966
63 0.919854702859
64 0.917845274001
65 0.921477703068
66 0.914367416361
67 0.924646417807
68 0.927351418193
69 0.889945127158
70 0.90424298632
71 0.906484272355
72 0.928974418425
73 0.913130844733
74 0.922714274697
75 0.933147847593
76 0.929128989876
77 0.924414560631
78 0.932143133163
79 0.894891413556
80 0.931602133086
81 0.933147847593
82 0.87193755318
83 0.930520132954
84 0.932606847515
85 0.938325991189
86 0.915217559317
87 0.866604838109
88 0.939717134245
89 0.943813277688
90 0.936548419507
91 0.887626555398
92 0.941494705928
93 0.915372130767
94 0.938866991267
95 0.933997990571
96 0.945281706469
97 0.944508849216
98 0.94790942113
99 0.946209135173
100 0.944508849216
101 0.946209135173
102 0.943581420512
103 0.943117706183
104 0.941726563104
105 0.946054563722
106 0.951850993122
107 0.908029986861
108 0.880979982997
109 0.949145992735
110 0.922250560322
111 0.945436277919
112 0.943813277688
113 0.952932993276
114 0.953164850452
115 0.937707705387
116 0.949996135714
117 0.86134940881
118 0.951696421671
119 0.955251565036
120 0.952082850298
121 0.955096993585
122 0.917381559672
123 0.952005564572
124 0.937553133936
125 0.942344848906
126 0.947368421053
127 0.949455135636
128 0.955096993585
129 0.943658706237
130 0.94845042123
131 0.930906561558
132 0.957879279697
133 0.956874565268
134 0.95386042198
135 0.949841564263
136 0.955637993663
137 0.954246850607
138 0.955328850761
139 0.959347708478
140 0.959270422753
141 0.916067702295
142 0.957724708246
143 0.950614421516
144 0.95733827962
145 0.93175670456
146 0.939948991421
147 0.959734137105
148 0.956874565268
149 0.915217559317
150 0.94559084937
151 0.95733827962
152 0.958574851225
153 0.954633279233
154 0.960816137259
155 0.955328850761
156 0.960893422985
157 0.960275137182
158 0.960506994358
159 0.958265708324
160 0.958420279774
161 0.95965685138
162 0.961820851689
163 0.954942422135
164 0.957029136718
165 0.92062756009
166 0.959734137105
167 0.960661565809
168 0.961357137337
169 0.95981142283
170 0.959038565577
171 0.950846278692
172 0.962439137491
173 0.962825566118
174 0.959888708556
175 0.961898137414
176 0.961125280161
177 0.960275137182
178 0.958806708401
179 0.962361851766
180 0.948063992581
181 0.961357137337
182 0.954555993508
183 0.961975423139
184 0.961975423139
185 0.962593708942
186 0.953319421903
187 0.960275137182
188 0.960197851457
189 0.955328850761
190 0.942190277456
191 0.958961279852
192 0.959270422753
193 0.953242136177
194 0.9584975655
195 0.959965994281
196 0.962207280315
197 0.963443851921
198 0.963907566273
199 0.962361851766
200 0.963907566273
