1 0.0764355823479
2 0.131849447409
3 0.171187881603
4 0.227451889641
5 0.271659324527
6 0.301182471602
7 0.342994049006
8 0.384882912133
9 0.416338202343
10 0.459463637075
11 0.491614498811
12 0.539222505612
13 0.568513795513
14 0.600200942895
15 0.621145374463
16 0.644794806413
17 0.669835381417
18 0.679805239986
19 0.699976814296
20 0.715202102186
21 0.728804389843
22 0.743875106259
23 0.752762964692
24 0.766365252352
25 0.771388824498
26 0.787927969718
27 0.793492541941
28 0.80145297165
29 0.810108972887
30 0.817605688243
31 0.822706546115
32 0.826648118106
33 0.834840404968
34 0.840095834318
35 0.84488754926
36 0.850297550033
37 0.853698121975
38 0.85725326534
39 0.86320426619
40 0.865754695126
41 0.870237267223
42 0.873792410533
43 0.874410696363
44 0.878661411283
45 0.880748125867
46 0.885385269387
47 0.887549269696
48 0.889867841456
49 0.891413555962
50 0.896978128158
51 0.895896128004
52 0.898601128418
53 0.902156271783
54 0.904397557817
55 0.906793415302
56 0.909111987034
57 0.910193987217
58 0.911275987371
59 0.912512558976
60 0.911507844547
61 0.916144988067
62 0.916376845243
63 0.91691784532
64 0.919159131355
65 0.920318417234
66 0.920936703037
67 0.923487131973
68 0.925341989381
69 0.926578560986
70 0.926037560909
71 0.926964989612
72 0.927892418316
73 0.929206275647
74 0.930520132978
75 0.927042275338
76 0.929206275647
77 0.933147847639
78 0.934538990694
79 0.935002705046
80 0.933920704892
81 0.936548419553
82 0.936780276729
83 0.937398562532
84 0.936316562377
85 0.939021562763
86 0.939562562841
87 0.939794420017
88 0.941571991699
89 0.940876420171
90 0.941108277347
91 0.942653991854
92 0.942963134755
93 0.942267563227
94 0.944276992086
95 0.944740706438
96 0.945745420867
97 0.945513563691
98 0.946131849493
99 0.946440992395
100 0.947136563923
101 0.947754849725
102 0.947986706901
103 0.948373135528
104 0.948450421253
105 0.949223278507
106 0.951078135914
107 0.948914135605
108 0.94999613576
109 0.949609707133
110 0.94999613576
111 0.951619135992
112 0.951464564541
113 0.952237421794
114 0.951696421717
115 0.952855707597
116 0.953087564773
117 0.952932993322
118 0.95246927897
119 0.954169564927
120 0.953242136224
121 0.955174279357
122 0.953705850575
123 0.952546564696
124 0.953937707751
125 0.955019707906
126 0.954555993554
127 0.954865136455
128 0.955869850885
129 0.955019707906
130 0.956488136687
131 0.956333565237
132 0.956256279511
133 0.956101708061
134 0.956642708138
135 0.957338279666
136 0.957338279666
137 0.957801994018
138 0.958188422644
139 0.957338279666
140 0.95826570837
141 0.959115851348
142 0.959965994327
143 0.958652136996
144 0.959888708602
145 0.960275137228
146 0.959965994327
147 0.960429708679
148 0.96073885158
149 0.960275137228
150 0.960893423031
151 0.960970708756
152 0.961434423108
153 0.960816137306
154 0.961357137383
155 0.961434423108
156 0.961511708833
157 0.962902851889
158 0.962207280361
159 0.962980137615
160 0.961047994481
161 0.96189813746
162 0.96305742334
163 0.963211994791
164 0.962361851812
165 0.962902851889
166 0.963907566319
167 0.96305742334
168 0.963675709143
169 0.963134709065
170 0.963984852044
171 0.963984852021
172 0.963830280593
173 0.963211994791
174 0.96421670922
175 0.962516423263
176 0.963984852044
177 0.964603137847
178 0.964989566473
179 0.964757709274
180 0.96421670922
181 0.965144137924
182 0.96553056655
183 0.965607852276
184 0.964525852121
185 0.965221423649
186 0.964525852121
187 0.966148852353
188 0.964989566473
189 0.965066852175
190 0.966380709506
191 0.96553056655
192 0.965453280802
193 0.965762423726
194 0.965762423726
195 0.964603137847
196 0.965994280902
197 0.965916995154
198 0.967076281057
199 0.966303423804
200 0.967462709661
