1 0.123657160525
2 0.173815596262
3 0.19723317104
4 0.212303887481
5 0.244686606393
6 0.295463327933
7 0.335729190828
8 0.378004482581
9 0.414869773562
10 0.443929206285
11 0.491150784459
12 0.529484504221
13 0.56294922329
14 0.59316794189
15 0.6240049463
16 0.63706623388
17 0.662261380314
18 0.681041811568
19 0.696808099535
20 0.714120102008
21 0.727413246792
22 0.738928819865
23 0.753613107677
24 0.766519823807
25 0.776180539473
26 0.785609397963
27 0.79326068477
28 0.803075971886
29 0.810031687166
30 0.810804544419
31 0.826416260935
32 0.83113069018
33 0.840327691494
34 0.844578406414
35 0.850915835891
36 0.856712265263
37 0.862199551789
38 0.859649122853
39 0.86714583821
40 0.872246696058
41 0.877656696854
42 0.880670840142
43 0.88561712654
44 0.88615812664
45 0.890563412961
46 0.891799984566
47 0.896668985284
48 0.897055413911
49 0.900069557176
50 0.901769843133
51 0.905634129399
52 0.907798129732
53 0.908184558358
54 0.91058041582
55 0.913130844756
56 0.912203416052
57 0.914831130713
58 0.917922559726
59 0.918772702705
60 0.920472988662
61 0.923409846224
62 0.922636988971
63 0.922405131795
64 0.926655846688
65 0.92596027516
66 0.929128989899
67 0.927505989667
68 0.930365561504
69 0.929979132877
70 0.932529561813
71 0.933843419144
72 0.933611561968
73 0.934152562045
74 0.936780276706
75 0.937012133882
76 0.936780276706
77 0.93770770541
78 0.938712419839
79 0.937553133959
80 0.939639848543
81 0.937243991081
82 0.938789705564
83 0.940799134423
84 0.943272277633
85 0.941803848852
86 0.942885849007
87 0.94365870626
88 0.944122420612
89 0.944354277788
90 0.945281706492
91 0.94597727802
92 0.946518278097
93 0.947213849625
94 0.947832135428
95 0.947754849702
96 0.947754849702
97 0.94960970711
98 0.949377849934
99 0.94960970711
100 0.949841564286
101 0.950614421539
102 0.950614421539
103 0.951078135891
104 0.952005564595
105 0.95192827887
106 0.952778421849
107 0.952932993299
108 0.952623850398
109 0.952623850398
110 0.953396707651
111 0.953937707728
112 0.954092279179
113 0.954478707806
114 0.954092279179
115 0.955096993608
116 0.954787850707
117 0.956024422312
118 0.956488136664
119 0.955947136587
120 0.956333565214
121 0.95656542239
122 0.957183708192
123 0.956951851016
124 0.955947136587
125 0.957570136819
126 0.957956565445
127 0.958574851248
128 0.958420279797
129 0.958652136973
130 0.959424994227
131 0.958961279875
132 0.959656851403
133 0.959734137128
134 0.960584280107
135 0.959811422853
136 0.960429708656
137 0.961434423085
138 0.960275137205
139 0.961202565909
140 0.96151170881
141 0.961975423162
142 0.960661565832
143 0.959888708579
144 0.961279851634
145 0.962361851789
146 0.962284566064
147 0.961202565909
148 0.962748280416
149 0.962748280416
150 0.963211994768
151 0.963443851944
152 0.963057423317
153 0.96251642324
154 0.96135713736
155 0.963598423394
156 0.963521137669
157 0.964834994999
158 0.964371280648
159 0.964680423549
160 0.964293994922
161 0.965066852175
162 0.965144137901
163 0.96498956645
164 0.964912280725
165 0.965685137978
166 0.965762423703
167 0.966071566605
168 0.964603137823
169 0.964912280725
170 0.966303423781
171 0.965762423703
172 0.966303423781
173 0.965607852253
174 0.966457995231
175 0.966612566682
176 0.966303423781
177 0.966844423858
178 0.966457995231
179 0.967153566759
180 0.967153566759
181 0.966844423858
182 0.967153566759
183 0.967926424013
184 0.967926424013
185 0.968080995463
186 0.967771852562
187 0.967771852562
188 0.969085709892
189 0.968312852639
190 0.968390138364
191 0.968080995463
192 0.968390138364
193 0.969085709892
194 0.96668985243
195 0.969085709892
196 0.968853852716
197 0.969162995618
198 0.967694566837
199 0.969472138519
200 0.969240281343
