1 0.0933611561945
2 0.12721230389
3 0.171342453049
4 0.212226601754
5 0.254733750683
6 0.283638611955
7 0.321972331717
8 0.361388051636
9 0.400494628651
10 0.432490918939
11 0.479094211311
12 0.515727645115
13 0.550738078688
14 0.589226369903
15 0.6121029446
16 0.631733518833
17 0.638380091211
18 0.668135095462
19 0.686915526716
20 0.706546100926
21 0.709792101417
22 0.732359533213
23 0.747507535377
24 0.75291753615
25 0.770538681552
26 0.777958111183
27 0.785068397885
28 0.794883685029
29 0.805239972223
30 0.813123116207
31 0.818378545529
32 0.825720689435
33 0.832367261813
34 0.83870469129
35 0.841255120225
36 0.852152407496
37 0.854934693608
38 0.861658551689
39 0.864981837878
40 0.868073266891
41 0.866141123757
42 0.87750212538
43 0.880593554394
44 0.884844269286
45 0.887240126772
46 0.8879356983
47 0.893191127622
48 0.896823556712
49 0.897287271064
50 0.902697271837
51 0.900610557253
52 0.903547414816
53 0.908802844115
54 0.912203416052
55 0.910657701546
56 0.914058273437
57 0.915372130767
58 0.91714970245
59 0.918927274132
60 0.920936702991
61 0.922095988871
62 0.923950846279
63 0.923564417652
64 0.927428703918
65 0.927969703996
66 0.926964989566
67 0.929515418502
68 0.930674704382
69 0.929206275601
70 0.932220418889
71 0.932452276065
72 0.933379704769
73 0.936393848056
74 0.936702990958
75 0.937475848211
76 0.939098848443
77 0.936084705155
78 0.939948991421
79 0.940876420125
80 0.939717134245
81 0.941262848752
82 0.94211299173
83 0.944045134864
84 0.943813277688
85 0.944817992117
86 0.94443156349
87 0.946209135173
88 0.94675013525
89 0.945977277997
90 0.946286420898
91 0.947600278229
92 0.949686992812
93 0.948141278306
94 0.948604992658
95 0.948682278383
96 0.949996135714
97 0.949996135714
98 0.949686992812
99 0.951928278847
100 0.951078135868
101 0.95154185022
102 0.952314707474
103 0.953783136255
104 0.953628564804
105 0.953164850452
106 0.95386042198
107 0.954787850684
108 0.954787850684
109 0.954401422057
110 0.953087564727
111 0.955947136564
112 0.954865136409
113 0.955715279388
114 0.955869850839
115 0.956719993817
116 0.955637993663
117 0.957570136796
118 0.957647422521
119 0.956951850993
120 0.9584975655
121 0.958265708324
122 0.959115851302
123 0.959270422753
124 0.958265708324
125 0.958265708324
126 0.960120565732
127 0.960197851457
128 0.959965994281
129 0.960352422907
130 0.959270422753
131 0.960429708633
132 0.960816137259
133 0.961357137337
134 0.961047994435
135 0.96212999459
136 0.960661565809
137 0.961511708787
138 0.962284566041
139 0.961357137337
140 0.962748280393
141 0.962516423217
142 0.963443851921
143 0.963675709097
144 0.963675709097
145 0.963366566195
146 0.963598423371
147 0.960893422985
148 0.964680423526
149 0.963598423371
150 0.964680423526
151 0.965298709328
152 0.963984851998
153 0.96444856635
154 0.965530566504
155 0.96560785223
156 0.964680423526
157 0.965839709406
158 0.965375995054
159 0.966380709483
160 0.966535280934
161 0.965839709406
162 0.965221423603
163 0.966148852307
164 0.965916995131
165 0.967230852462
166 0.966612566659
167 0.968003709715
168 0.966998995286
169 0.96692170956
170 0.967462709638
171 0.968158281165
172 0.966457995208
173 0.966071566582
174 0.96692170956
175 0.968776566968
176 0.968390138341
177 0.968931138419
178 0.967230852462
179 0.968853852693
180 0.968390138341
181 0.968003709715
182 0.968853852693
183 0.968853852693
184 0.968467424067
185 0.969162995595
186 0.969549424221
187 0.969317567045
188 0.968931138419
189 0.969317567045
190 0.96924028132
191 0.969394852771
192 0.968312852616
193 0.969549424221
194 0.969317567045
195 0.970244995749
196 0.969935852848
197 0.970013138573
198 0.969472138496
199 0.9703995672
200 0.970476852925
