1 0.103331014771
2 0.126284875186
3 0.195919313707
4 0.225442460782
5 0.26702218101
6 0.305124043598
7 0.334956333574
8 0.368807481267
9 0.403431486214
10 0.441301491624
11 0.473838781991
12 0.510549501521
13 0.547182935326
14 0.591235798762
15 0.617126516746
16 0.635906948001
17 0.663343380491
18 0.685756240836
19 0.699899528548
20 0.711956101726
21 0.734909962144
22 0.742947677555
23 0.761573537381
24 0.773166396157
25 0.785763969386
26 0.791019398731
27 0.807558543928
28 0.817682973973
29 0.821624545965
30 0.833371976214
31 0.835613262249
32 0.844346549211
33 0.846974263872
34 0.850452121512
35 0.857407836819
36 0.864440837823
37 0.866295695231
38 0.871860267455
39 0.87263312468
40 0.881675554548
41 0.885848983739
42 0.88677641242
43 0.890099698609
44 0.892650127544
45 0.896978128163
46 0.900301414352
47 0.903392843365
48 0.905865986575
49 0.908493701236
50 0.910348558644
51 0.908570986962
52 0.91521755934
53 0.916917845297
54 0.918154416902
55 0.917149702473
56 0.917845274001
57 0.921709560267
58 0.922095988894
59 0.922173274596
60 0.924800989257
61 0.927274132491
62 0.928356132622
63 0.930520132931
64 0.931756704537
65 0.922482417521
66 0.933534276219
67 0.933302419043
68 0.936239276606
69 0.937012133859
70 0.93538913365
71 0.93732127676
72 0.940026277147
73 0.940876420125
74 0.939717134245
75 0.939717134245
76 0.942344848906
77 0.942963134709
78 0.943581420512
79 0.94443156349
80 0.944972563568
81 0.944586134941
82 0.944895277842
83 0.947445706778
84 0.946209135173
85 0.948295849757
86 0.94906870701
87 0.94906870701
88 0.949996135714
89 0.950459850066
90 0.950537135791
91 0.951155421594
92 0.950537135791
93 0.951619135946
94 0.95022799289
95 0.952314707474
96 0.950691707242
97 0.953628564804
98 0.95254656465
99 0.953087564727
100 0.953551279079
101 0.95386042198
102 0.949300564186
103 0.955560707937
104 0.955096993585
105 0.956256279465
106 0.955328850761
107 0.95501970786
108 0.955869850839
109 0.956333565191
110 0.955869850839
111 0.957260993894
112 0.957647422521
113 0.957956565422
114 0.957570136796
115 0.958111136873
116 0.958961279852
117 0.958806708401
118 0.958883994126
119 0.958806708401
120 0.959115851302
121 0.959888708556
122 0.960816137259
123 0.961125280161
124 0.960506994358
125 0.960738851534
126 0.961511708787
127 0.960893422985
128 0.962207280315
129 0.960584280083
130 0.962207280315
131 0.962361851766
132 0.962902851843
133 0.962980137569
134 0.962902851843
135 0.963366566195
136 0.962980137569
137 0.963598423371
138 0.963907566273
139 0.962825566118
140 0.963443851921
141 0.96328928047
142 0.963907566273
143 0.964371280624
144 0.963984851998
145 0.964525852075
146 0.965066852152
147 0.965144137878
148 0.964912280702
149 0.965530566504
150 0.96576242368
151 0.966303423758
152 0.965066852152
153 0.966071566582
154 0.965298709328
155 0.96676713811
156 0.966689852384
157 0.96692170956
158 0.96676713811
159 0.966844423835
160 0.967539995363
161 0.967076281011
162 0.967076281011
163 0.967771852539
164 0.966457995208
165 0.968003709715
166 0.967617281088
167 0.968235566891
168 0.967849138264
169 0.967926423989
170 0.967617281088
171 0.968235566891
172 0.968003709715
173 0.967926423989
174 0.968776566968
175 0.96808099544
176 0.968312852616
177 0.968776566968
178 0.968853852693
179 0.968544709792
180 0.969162995595
181 0.969162995595
182 0.968853852693
183 0.968390138341
184 0.969549424221
185 0.969781281397
186 0.969781281397
187 0.969858567123
188 0.969703995672
189 0.969008424144
190 0.969703995672
191 0.969394852771
192 0.969549424221
193 0.970090424299
194 0.970013138573
195 0.970090424299
196 0.9703995672
197 0.970322281475
198 0.970785995827
199 0.970244995749
200 0.970631424376
