1 0.101321585905
2 0.129299018471
3 0.140582734369
4 0.21485431641
5 0.235798747974
6 0.301105185881
7 0.333565190519
8 0.355359765058
9 0.413865059133
10 0.391220341612
11 0.460932065854
12 0.514336502057
13 0.519591931379
14 0.531184790178
15 0.538063219735
16 0.580724940094
17 0.600278228602
18 0.662879666139
19 0.673545096212
20 0.659015379871
21 0.62941494705
22 0.687147383892
23 0.70685524385
24 0.620836231562
25 0.705077672168
26 0.708400958357
27 0.731586675932
28 0.727026818161
29 0.775871396544
30 0.794497256348
31 0.734446247792
32 0.79380168482
33 0.761032537281
34 0.802689543255
35 0.750212535735
36 0.813818687679
37 0.850142978583
38 0.83661797665
39 0.804235257766
40 0.811268258743
41 0.811036401567
42 0.82340211762
43 0.847437978224
44 0.871705695976
45 0.874874410687
46 0.885230697881
47 0.86722312388
48 0.770770538672
49 0.881443697395
50 0.87611098232
51 0.792487827512
52 0.888244841196
53 0.897519128235
54 0.902388128903
55 0.909266558457
56 0.911894273146
57 0.885848983711
58 0.913053559026
59 0.914985702159
60 0.908570986957
61 0.834840405023
62 0.904938557867
63 0.899992271446
64 0.909884844315
65 0.926114846634
66 0.916531416693
67 0.884921555035
68 0.931370275956
69 0.920472988685
70 0.923718989126
71 0.909884844315
72 0.925496560808
73 0.898446556939
74 0.926655846711
75 0.913362701932
76 0.935543705124
77 0.93422984777
78 0.917999845452
79 0.898601128395
80 0.92936084707
81 0.934307133495
82 0.907720843979
83 0.943581420535
84 0.921709560267
85 0.945513563668
86 0.93229770466
87 0.946750135273
88 0.929669989976
89 0.822010974587
90 0.913749130559
91 0.911507844492
92 0.939871705719
93 0.945590849416
94 0.947986706901
95 0.93422984777
96 0.943349563359
97 0.945745420867
98 0.947832135428
99 0.943581420558
100 0.948527706956
101 0.916685988144
102 0.936316562377
103 0.945358992217
104 0.953628564804
105 0.943581420558
106 0.949532421385
107 0.946286420921
108 0.944508849239
109 0.949068707033
110 0.943040420457
111 0.945668135118
112 0.95038256434
113 0.951464564495
114 0.955637993663
115 0.950537135791
116 0.934384419221
117 0.926810418162
118 0.951078135868
119 0.952237421748
120 0.943040420457
121 0.954246850607
122 0.950691707242
123 0.952391993199
124 0.955174279311
125 0.957956565422
126 0.956410850916
127 0.95501970786
128 0.953242136177
129 0.944817992117
130 0.95733827962
131 0.959424994204
132 0.954710564959
133 0.957029136718
134 0.955560707937
135 0.950537135791
136 0.959270422753
137 0.95981142283
138 0.954555993508
139 0.953783136255
140 0.95965685138
141 0.954478707783
142 0.957647422521
143 0.946518278074
144 0.944122420589
145 0.922405131795
146 0.945281706469
147 0.958806708401
148 0.946595563799
149 0.958342994072
150 0.961357137337
151 0.957647422544
152 0.960275137182
153 0.955637993663
154 0.959347708478
155 0.955483422212
156 0.959424994204
157 0.961125280161
158 0.962052708865
159 0.963134709019
160 0.959347708478
161 0.960816137259
162 0.959579565654
163 0.963366566195
164 0.965221423603
165 0.957570136796
166 0.96097070871
167 0.962284566041
168 0.963907566273
169 0.959888708556
170 0.943813277688
171 0.961588994513
172 0.964680423526
173 0.962439137491
174 0.962439137491
175 0.955560707937
176 0.928510704073
177 0.959656851403
178 0.931602133086
179 0.960584280083
180 0.949918849988
181 0.957647422544
182 0.959424994204
183 0.962670994667
184 0.958033851148
185 0.963366566195
186 0.953396707628
187 0.961279851611
188 0.962902851843
189 0.965298709328
190 0.964293994899
191 0.964293994899
192 0.960738851534
193 0.965685137955
194 0.947445706778
195 0.965530566504
196 0.953473993353
197 0.962207280315
198 0.952237421748
199 0.963675709097
200 0.962439137491
