1 0.0960661565832
2 0.1473838782
3 0.25218332175
4 0.281010897299
5 0.29731818534
6 0.317644331099
7 0.40621377233
8 0.434577633502
9 0.404049772021
10 0.524229074908
11 0.591544941695
12 0.583429940536
13 0.610866373004
14 0.642089806036
15 0.674163382046
16 0.668598809823
17 0.723935389157
18 0.676404668081
19 0.749362392789
20 0.743488677664
21 0.788778112706
22 0.792487827521
23 0.798438828371
24 0.80871782984
25 0.809799829994
26 0.816214545197
27 0.804621686398
28 0.829043975601
29 0.768683824144
30 0.821856403145
31 0.858644408401
32 0.84295540616
33 0.861503980238
34 0.876265553775
35 0.821392688816
36 0.88924955563
37 0.870005410024
38 0.858567122675
39 0.857021408192
40 0.886235412342
41 0.895664270832
42 0.880670840119
43 0.90215627176
44 0.892650127544
45 0.899683128549
46 0.9117397017
47 0.906484272378
48 0.914521987812
49 0.900919700131
50 0.91962284566
51 0.916454130945
52 0.921323131641
53 0.895664270809
54 0.918849988407
55 0.928046989744
56 0.930442847229
57 0.926192132336
58 0.89465955638
59 0.926192132336
60 0.93252956179
61 0.930597418657
62 0.919700131386
63 0.929824561427
64 0.92425998918
65 0.934229847747
66 0.929592704228
67 0.935543705078
68 0.925419275083
69 0.926655846665
70 0.937475848211
71 0.916144988044
72 0.943504134786
73 0.940026277147
74 0.902851843288
75 0.93732127676
76 0.936857562408
77 0.925110132159
78 0.946595563799
79 0.931756704537
80 0.945358992194
81 0.947368421053
82 0.946981992426
83 0.927042275292
84 0.907334415357
85 0.945127135018
86 0.943349563336
87 0.947136563877
88 0.946363706623
89 0.93252956179
90 0.946672849525
91 0.945049849293
92 0.949300564186
93 0.949532421362
94 0.949145992735
95 0.949918849988
96 0.949145992735
97 0.949377849911
98 0.950073421439
99 0.948991421284
100 0.95254656465
101 0.950150707164
102 0.950305278615
103 0.953319421903
104 0.951078135868
105 0.952391993199
106 0.95154185022
107 0.949686992812
108 0.947677563954
109 0.936857562408
110 0.9527011361
111 0.953705850529
112 0.955174279311
113 0.952160136023
114 0.947522992503
115 0.953396707628
116 0.953087564727
117 0.955174279311
118 0.953319421903
119 0.956565422366
120 0.944508849216
121 0.944508849216
122 0.957879279697
123 0.956797279542
124 0.943735991962
125 0.957570136796
126 0.956642708092
127 0.95501970786
128 0.957956565422
129 0.956565422366
130 0.956719993817
131 0.95733827962
132 0.909189272764
133 0.955869850839
134 0.958265708324
135 0.957415565345
136 0.957106422444
137 0.958188422598
138 0.957724708246
139 0.958188422598
140 0.956951850993
141 0.958033851148
142 0.959115851302
143 0.946595563799
144 0.933147847593
145 0.957724708246
146 0.954169564881
147 0.958111136873
148 0.959347708478
149 0.958420279774
150 0.956874565268
151 0.960120565732
152 0.957879279697
153 0.940335420048
154 0.959502279929
155 0.958961279852
156 0.95749285107
157 0.955406136487
158 0.960429708633
159 0.960352422907
160 0.957724708246
161 0.960275137182
162 0.959347708478
163 0.956642708092
164 0.959734137105
165 0.95749285107
166 0.959502279929
167 0.960429708633
168 0.959115851302
169 0.959734137105
170 0.959579565654
171 0.961434423062
172 0.961743565963
173 0.961125280161
174 0.959734137105
175 0.960816137259
176 0.957029136718
177 0.959888708556
178 0.960043280006
179 0.947291135327
180 0.960893422985
181 0.962207280315
182 0.961357137337
183 0.961588994513
184 0.961511708787
185 0.960738851534
186 0.960506994358
187 0.961434423062
188 0.961357137337
189 0.961588994513
190 0.961820851689
191 0.961743565963
192 0.96212999459
193 0.960584280083
194 0.961202565886
195 0.962052708865
196 0.96212999459
197 0.961666280238
198 0.961279851611
199 0.962052708865
200 0.961202565886
