1 0.102249014609
2 0.144910734992
3 0.192364170345
4 0.216013602295
5 0.302728186116
6 0.306515186657
7 0.344848906416
8 0.310534044374
9 0.366411623785
10 0.393693484827
11 0.46541463793
12 0.498647499798
13 0.488059355455
14 0.503207357592
15 0.590540227211
16 0.551742793097
17 0.609629801366
18 0.64232166318
19 0.669294381319
20 0.633511090492
21 0.607543086803
22 0.710719530121
23 0.714351959212
24 0.676404668076
25 0.743102249005
26 0.741015534422
27 0.759409537049
28 0.737305819634
29 0.771697967376
30 0.741324677323
31 0.786768683815
32 0.736223819451
33 0.827575546787
34 0.815828116593
35 0.80516268647
36 0.825643403654
37 0.753999536276
38 0.854548264954
39 0.857485122516
40 0.774093824861
41 0.871860267432
42 0.844346549211
43 0.853079836177
44 0.882139268923
45 0.869541695695
46 0.868691552693
47 0.845660406569
48 0.875338125094
49 0.879975268614
50 0.891413555939
51 0.892572841819
52 0.883375840505
53 0.895896128031
54 0.857021408169
55 0.871319267377
56 0.879202411361
57 0.911816987448
58 0.86961898142
59 0.918308988353
60 0.907411701105
61 0.887626555394
62 0.921245845915
63 0.903238271914
64 0.901692557431
65 0.926037560909
66 0.92480098928
67 0.926655846711
68 0.905247700796
69 0.923255274797
70 0.760568822984
71 0.928201561195
72 0.865522837978
73 0.916608702419
74 0.919854702859
75 0.93538913365
76 0.88577169799
77 0.9294381328
78 0.902851843265
79 0.937243991081
80 0.928356132645
81 0.929824561427
82 0.933611561991
83 0.837390833936
84 0.924105417752
85 0.934848133573
86 0.941262848798
87 0.944045134887
88 0.928742561249
89 0.941803848852
90 0.943349563359
91 0.937012133882
92 0.946904706724
93 0.935543705078
94 0.943349563359
95 0.947677563954
96 0.872478553211
97 0.936239276606
98 0.949841564263
99 0.914058273483
100 0.931447561658
101 0.947600278229
102 0.949609707087
103 0.950537135814
104 0.946672849548
105 0.951696421694
106 0.93059741868
107 0.954169564881
108 0.950614421516
109 0.920859417266
110 0.951850993122
111 0.945977277997
112 0.951309993044
113 0.949918849988
114 0.946440992349
115 0.952005564572
116 0.954478707783
117 0.932761418989
118 0.945745420844
119 0.921245845915
120 0.935311847902
121 0.950923564418
122 0.953628564804
123 0.935157276474
124 0.954942422158
125 0.956797279542
126 0.954324136355
127 0.956797279542
128 0.95865213695
129 0.956101708015
130 0.95038256434
131 0.952160136023
132 0.867532266809
133 0.950537135791
134 0.958729422676
135 0.960506994358
136 0.954324136332
137 0.957260993894
138 0.953551279079
139 0.957029136718
140 0.958265708324
141 0.956333565191
142 0.958729422676
143 0.94327227761
144 0.956410850916
145 0.960120565732
146 0.95749285107
147 0.957183708192
148 0.946595563822
149 0.961588994513
150 0.951000850143
151 0.956951850993
152 0.958806708401
153 0.961666280238
154 0.923718989103
155 0.941185563027
156 0.962593708942
157 0.961202565886
158 0.959347708501
159 0.959965994281
160 0.96328928047
161 0.957956565422
162 0.956410850916
163 0.959347708478
164 0.943967849138
165 0.958342994049
166 0.954787850684
167 0.960352422907
168 0.955483422212
169 0.962052708865
170 0.952855707551
171 0.961047994435
172 0.962593708942
173 0.962825566118
174 0.961047994435
175 0.948682278383
176 0.961357137337
177 0.961666280238
178 0.961820851689
179 0.947754849679
180 0.957724708246
181 0.962902851843
182 0.962825566118
183 0.95254656465
184 0.961975423139
185 0.961125280161
186 0.960275137182
187 0.962516423217
188 0.952005564572
189 0.962516423217
190 0.962902851843
191 0.960738851534
192 0.962361851766
193 0.955560707937
194 0.961434423062
195 0.962748280393
196 0.960661565809
197 0.963984851998
198 0.95733827962
199 0.961588994513
200 0.956951850993
