1 0.0615967230922
2 0.0799134399945
3 0.157044593868
4 0.22381946055
5 0.269108895592
6 0.293608470522
7 0.302882757555
8 0.321740474539
9 0.396862199559
10 0.422984774719
11 0.423912203423
12 0.483190354748
13 0.464255352036
14 0.546873792417
15 0.510317644333
16 0.565886080848
17 0.608702372686
18 0.661102094457
19 0.640389520065
20 0.604528943509
21 0.63915294846
22 0.702913671859
23 0.736687533826
24 0.733132390461
25 0.730118247174
26 0.728881675568
27 0.730968390152
28 0.79511554215
29 0.80091197155
30 0.791946827435
31 0.788159826894
32 0.816446402396
33 0.760414251479
34 0.841564263071
35 0.808099544005
36 0.811268258743
37 0.842259834627
38 0.860190122875
39 0.847515263949
40 0.865445552253
41 0.825411546533
42 0.852616121816
43 0.800834685852
44 0.866141123781
45 0.81922868848
46 0.820697117261
47 0.839863977135
48 0.837158976728
49 0.893732127694
50 0.894504984948
51 0.886235412338
52 0.893809413447
53 0.901383414529
54 0.900455985825
55 0.860267408628
56 0.908725558408
57 0.86784140971
58 0.877579411101
59 0.898910271291
60 0.908725558435
61 0.864054409141
62 0.910889558745
63 0.911430558794
64 0.918308988348
65 0.908493701259
66 0.901228843051
67 0.920627560136
68 0.866372980901
69 0.911507844547
70 0.913826416307
71 0.923487131973
72 0.923409846247
73 0.920859417284
74 0.915372130814
75 0.933379704815
76 0.933611561991
77 0.907334415352
78 0.934693562145
79 0.9299791329
80 0.930983847329
81 0.931602133109
82 0.937166705356
83 0.925341989381
84 0.920782131559
85 0.938789705564
86 0.921786845993
87 0.943349563382
88 0.942267563227
89 0.927737846866
90 0.941649277425
91 0.922482417544
92 0.802612257507
93 0.937553133982
94 0.932452276111
95 0.940489991545
96 0.8898678414
97 0.927119561063
98 0.941649277425
99 0.947909421176
100 0.945049849339
101 0.939407991362
102 0.949068707056
103 0.947909421176
104 0.940180848643
105 0.949300564232
106 0.950923564441
107 0.926192132359
108 0.92155498884
109 0.951000850189
110 0.948218564077
111 0.931061133055
112 0.945513563691
113 0.951232707365
114 0.948991421308
115 0.95015070721
116 0.917149702468
117 0.950923564441
118 0.939717134268
119 0.948759564127
120 0.952469278947
121 0.951000850166
122 0.954092279179
123 0.954942422158
124 0.939948991467
125 0.951078135891
126 0.938712419862
127 0.95424685063
128 0.902465414656
129 0.947213849648
130 0.94845042123
131 0.956410850939
132 0.954555993531
133 0.954942422158
134 0.95671999384
135 0.956874565291
136 0.952623850398
137 0.958961279875
138 0.955637993686
139 0.953628564827
140 0.957338279643
141 0.952778421849
142 0.954942422158
143 0.958342994095
144 0.953319421926
145 0.95787927972
146 0.957415565368
147 0.956410850939
148 0.946827421021
149 0.96135713736
150 0.960275137205
151 0.953628564827
152 0.951155421617
153 0.961047994458
154 0.95656542239
155 0.920627560136
156 0.947600278252
157 0.945436277943
158 0.960970708733
159 0.95671999384
160 0.959888708579
161 0.956874565291
162 0.958883994149
163 0.959734137128
164 0.959270422776
165 0.959888708579
166 0.961202565909
167 0.959347708501
168 0.956488136664
169 0.951773707442
170 0.959965994304
171 0.960275137205
172 0.959579565677
173 0.962284566064
174 0.960352422931
175 0.958188422621
176 0.949686992858
177 0.961588994536
178 0.949918850034
179 0.960738851557
180 0.959115851325
181 0.957492851093
182 0.960970708733
183 0.928587989844
184 0.955251565082
185 0.960120565755
186 0.959656851403
187 0.958806708424
188 0.956101708061
189 0.96251642324
190 0.961666280261
191 0.959424994227
192 0.960893423008
193 0.949686992835
194 0.946904706724
195 0.961125280184
196 0.96151170881
197 0.960275137205
198 0.960120565755
199 0.962980137592
200 0.958652136973
