1 0.0999304428472
2 0.15750830822
3 0.218950459859
4 0.278151325459
5 0.318339902634
6 0.337506762512
7 0.391297627342
8 0.46294149472
9 0.491305355912
10 0.507689929661
11 0.582888940424
12 0.583043511877
13 0.636216090879
14 0.658397094048
15 0.63830280549
16 0.695726099436
17 0.738619676964
18 0.732977819043
19 0.736687533859
20 0.744184249215
21 0.78560939799
22 0.789550969954
23 0.813432259108
24 0.814205116361
25 0.735528247951
26 0.83769997686
27 0.848829121307
28 0.841409691648
29 0.82038797436
30 0.846355978097
31 0.859880980006
32 0.83414483344
33 0.879897982889
34 0.87263312468
35 0.887858412574
36 0.886544555267
37 0.885230697936
38 0.896359842356
39 0.887549269668
40 0.903315557663
41 0.904165700641
42 0.867223123907
43 0.882680268945
44 0.89558698513
45 0.901615271682
46 0.893654841997
47 0.899837700023
48 0.913594559131
49 0.906484272401
50 0.883607697677
51 0.918540845529
52 0.877424839678
53 0.850297550056
54 0.909421129908
55 0.923409846224
56 0.927969704019
57 0.928510704096
58 0.926501275238
59 0.931292990208
60 0.919313702782
61 0.926810418139
62 0.932297704637
63 0.931988561759
64 0.936316562354
65 0.920086560035
66 0.9294381328
67 0.935234562199
68 0.938248705487
69 0.940644562972
70 0.939330705642
71 0.91212613035
72 0.941185563027
73 0.936857562408
74 0.935079990772
75 0.932452276088
76 0.913362701932
77 0.940103562895
78 0.945358992194
79 0.941881134554
80 0.945590849393
81 0.940258134323
82 0.945436277919
83 0.921323131641
84 0.946286420921
85 0.933302419066
86 0.946440992349
87 0.949841564263
88 0.948604992658
89 0.943658706237
90 0.942808563281
91 0.948682278383
92 0.95022799289
93 0.945745420821
94 0.921709560267
95 0.950459850066
96 0.935389133627
97 0.953937707705
98 0.953087564727
99 0.932374990339
100 0.953319421903
101 0.953319421903
102 0.952082850298
103 0.954710564959
104 0.943813277688
105 0.951773707396
106 0.946440992372
107 0.951850993122
108 0.937630419685
109 0.956410850916
110 0.949532421362
111 0.955251565036
112 0.956874565268
113 0.951928278847
114 0.953628564804
115 0.955637993686
116 0.953783136255
117 0.954092279156
118 0.953783136255
119 0.955096993585
120 0.955637993663
121 0.952623850375
122 0.958574851225
123 0.944508849216
124 0.936548419507
125 0.959579565654
126 0.954014993431
127 0.95865213695
128 0.959347708478
129 0.957183708169
130 0.941726563104
131 0.947291135327
132 0.954478707783
133 0.949764278538
134 0.955792565113
135 0.956642708092
136 0.958883994126
137 0.959038565577
138 0.959965994281
139 0.959888708556
140 0.957879279697
141 0.959424994204
142 0.959502279929
143 0.954710564959
144 0.960584280083
145 0.960506994358
146 0.958574851225
147 0.961357137337
148 0.962361851766
149 0.958033851148
150 0.960043280006
151 0.961202565886
152 0.962284566041
153 0.961666280238
154 0.956797279542
155 0.955019707883
156 0.962748280393
157 0.95617899374
158 0.961588994513
159 0.962902851843
160 0.961820851689
161 0.960352422907
162 0.961357137337
163 0.960120565732
164 0.958342994049
165 0.961125280161
166 0.959656851403
167 0.962361851766
168 0.962207280315
169 0.962980137569
170 0.962902851843
171 0.96328928047
172 0.962284566041
173 0.955328850761
174 0.960275137182
175 0.96328928047
176 0.962825566118
177 0.963598423371
178 0.963134709019
179 0.962052708865
180 0.963830280547
181 0.962361851766
182 0.962052708865
183 0.963211994745
184 0.963521137646
185 0.962207280315
186 0.963443851921
187 0.963443851921
188 0.96328928047
189 0.963752994822
190 0.964912280702
191 0.963366566195
192 0.959965994281
193 0.961279851611
194 0.963443851921
195 0.961279851611
196 0.963752994822
197 0.963830280547
198 0.963366566195
199 0.9646031378
200 0.963598423371
