1 0.113300873331
2 0.168792024122
3 0.199165314178
4 0.234021176298
5 0.228920318422
6 0.306206043753
7 0.323827189125
8 0.35876033698
9 0.357214622466
10 0.39763505681
11 0.424916917864
12 0.4534353505
13 0.436587062374
14 0.533889790567
15 0.588994512727
16 0.584743797839
17 0.548033078302
18 0.603833371995
19 0.640544091497
20 0.532575933232
21 0.696576242386
22 0.688770384128
23 0.697117242491
24 0.748512249834
25 0.678955097012
26 0.770925110151
27 0.774480253488
28 0.807867686884
29 0.757786536845
30 0.778035396881
31 0.800448257253
32 0.764974109273
33 0.806244686629
34 0.848983692758
35 0.818378545529
36 0.841177834472
37 0.823402117675
38 0.839863977142
39 0.776644253825
40 0.859417265677
41 0.82402040345
42 0.858876265577
43 0.783213540478
44 0.859108122776
45 0.888863127027
46 0.849138264209
47 0.889790555707
48 0.888863126999
49 0.895432413656
50 0.818533116979
51 0.89094984161
52 0.890408841505
53 0.908725558412
54 0.908648272687
55 0.897596413961
56 0.882680269
57 0.917845274001
58 0.912821701878
59 0.914212844934
60 0.892031841742
61 0.878197696931
62 0.916299559494
63 0.900687842978
64 0.901924414584
65 0.921400417366
66 0.852616121821
67 0.907334415357
68 0.876033696622
69 0.923718989126
70 0.92580570371
71 0.922946131872
72 0.933302419066
73 0.934925419298
74 0.926887703864
75 0.93307056189
76 0.915681273692
77 0.916763273846
78 0.929515418525
79 0.930288275779
80 0.907257129631
81 0.945436277943
82 0.907025272478
83 0.939562562818
84 0.865754695154
85 0.94018084862
86 0.92580570371
87 0.883530411979
88 0.94481799214
89 0.937012133882
90 0.94729113535
91 0.947522992526
92 0.939871705719
93 0.934925419298
94 0.946672849548
95 0.947445706801
96 0.948914135582
97 0.947832135428
98 0.933766133418
99 0.951696421694
100 0.953319421926
101 0.954555993531
102 0.951387278793
103 0.946518278097
104 0.953010279025
105 0.951155421617
106 0.945049849316
107 0.940644562972
108 0.954555993531
109 0.94018084862
110 0.95440142208
111 0.940258134346
112 0.950459850089
113 0.940567277247
114 0.93407527632
115 0.931602133109
116 0.955328850784
117 0.931447561681
118 0.956951851016
119 0.95540613651
120 0.942731277579
121 0.947677563977
122 0.956333565214
123 0.94249942038
124 0.961047994458
125 0.95424685063
126 0.957647422544
127 0.949918850011
128 0.953473993376
129 0.959656851403
130 0.958265708347
131 0.958961279875
132 0.957724708269
133 0.960816137282
134 0.959734137128
135 0.960352422931
136 0.933379704815
137 0.952391993222
138 0.954787850707
139 0.96251642324
140 0.962439137514
141 0.961820851712
142 0.906870701005
143 0.962902851866
144 0.956256279488
145 0.946363706646
146 0.9590385656
147 0.964293994922
148 0.961125280184
149 0.940335420094
150 0.963752994845
151 0.961820851712
152 0.931215704482
153 0.949377849934
154 0.910348558644
155 0.961975423162
156 0.962825566141
157 0.961434423085
158 0.962902851866
159 0.962361851789
160 0.960506994381
161 0.958265708347
162 0.960429708656
163 0.962902851866
164 0.962207280338
165 0.939176134191
166 0.96267099469
167 0.962980137592
168 0.961898137437
169 0.962980137592
170 0.962980137592
171 0.964293994922
172 0.959888708579
173 0.964680423549
174 0.959965994304
175 0.954169564904
176 0.955637993686
177 0.962980137592
178 0.962284566064
179 0.966767138133
180 0.966457995231
181 0.95424685063
182 0.96383028057
183 0.959270422776
184 0.962980137592
185 0.963598423394
186 0.964603137823
187 0.963598423394
188 0.958729422699
189 0.953473993376
190 0.958188422621
191 0.965994280879
192 0.96498956645
193 0.964834994999
194 0.960120565755
195 0.964912280725
196 0.96614885233
197 0.959734137128
198 0.965453280802
199 0.966303423781
200 0.952391993222
